time,AcX,AcY,GyZ
456,1216,-880,71
478,1068,-828,72
499,1016,-584,89
521,1216,-564,77
586,1152,-700,51
608,1028,-576,69
629,1132,-680,44
651,1080,-644,65
672,1148,-672,47
694,1008,-640,63
715,1036,-596,33
4664,1324,-1000,56
4685,828,-1532,117
4707,1148,-1144,106
4771,760,-1048,61
4793,1192,-824,78
4814,816,-856,31
4836,1180,-716,54
4857,1008,-424,84
4879,1116,-800,47
4900,984,-392,72
4922,1124,-1136,86
4943,1072,-648,56
5003,1116,-884,39
7732,676,-2356,73
7753,-1240,-3540,-253
7775,1236,-692,85
7799,1220,-1092,74
7821,1080,-1188,49
7842,1228,-816,82
7864,1348,-912,79
7885,1024,-1176,66
7946,1276,-1388,-25
7967,656,-200,-71
7989,960,-1732,-152
8010,1204,-852,5
8032,1076,-840,27
8053,1080,-864,40
8074,1020,-1236,39
8095,752,-736,49
8117,1068,-816,33
8138,972,-576,68
8202,1320,-804,81
8223,896,-860,71
8245,1048,-716,57
8266,1068,-896,59
8288,928,-780,39
8309,1204,-832,41
8331,888,-740,55
8352,968,-988,41
8374,760,-496,60
8432,1384,-560,57
8454,1164,-824,61
8475,1128,-720,73
8500,1044,-796,41
8521,1088,-812,57
8543,996,-816,55
8564,1112,-784,70
8585,1096,-764,78
8606,1136,-732,85
8666,1124,-756,70
8687,740,-980,112
8709,1192,-1264,74
8730,1200,-964,64
8752,928,-912,74
8773,900,-896,52
8795,912,-968,55
8816,980,-980,59
8838,1236,-828,70
8859,1144,-596,110
8923,956,-880,97
8944,1088,-884,54
8966,1224,-872,67
8986,708,-848,-10
9008,1028,-1376,41
9029,972,-788,46
9051,764,-1224,71
9072,912,-868,53
9094,912,-960,85
9153,932,-796,58
9175,960,-1052,66
9199,980,-1056,33
9221,524,-768,47
9242,1036,-756,65
9264,1236,-728,31
9285,836,-884,66
9307,1060,-652,77
9328,1068,-868,66
9389,1064,-672,49
9410,992,-808,39
9432,984,-720,56
9453,1092,-664,63
9474,964,-792,37
9495,1116,-792,47
9517,1076,-792,67
9538,1160,-732,63
9560,1060,-708,74
9581,1084,-840,64
9645,1148,-772,53
9666,1128,-816,45
9688,1088,-852,51
9709,1028,-720,53
9731,1104,-720,49
9751,1080,-784,72
9773,1068,-800,71
9794,976,-820,77
9816,1004,-696,64
9875,1108,-832,55
9900,1032,-696,56
9921,984,-772,59
9943,1000,-772,57
9964,1168,-800,70
9986,1000,-720,48
10007,1072,-840,53
10029,1052,-808,53
10050,976,-732,60
10109,1128,-840,65
10130,1020,-660,57
10151,1168,-764,60
10173,1020,-704,70
10194,1220,-832,63
10216,1012,-812,60
10237,1048,-812,87
10259,1076,-828,66
10280,944,-744,36
10302,904,-808,54
10365,1076,-724,77
10387,1084,-756,56
10408,1048,-732,75
10430,1144,-704,82
10451,1008,-816,70
10473,948,-748,67
10494,1232,-672,65
10516,992,-740,35
10541,1136,-736,62
10601,996,-732,71
10622,1040,-748,77
10644,1092,-764,53
10665,1028,-720,71
10687,1104,-768,70
10708,1084,-832,78
10730,1016,-864,63
10752,1056,-740,55
10772,996,-836,58
10836,1068,-720,28
10858,1024,-760,74
10880,1004,-764,57
10901,1140,-760,64
10923,1068,-740,65
10944,1096,-708,45
10966,972,-676,60
10987,1108,-788,85
11009,1132,-668,57
11030,1168,-776,85
11088,1156,-728,34
11110,1068,-752,21
11131,1200,-520,-1
11153,1024,-724,-14
11174,892,-936,-22
11196,956,-564,35
11222,948,-628,70
11242,1044,-788,69
11264,1156,-840,61
11323,1192,-536,48
11344,1088,-788,37
11366,1424,-868,74
11387,1292,-648,21
11409,1188,-756,-6
11429,1212,-856,-15
11452,1252,-1000,-80
11473,1256,-664,-194
11495,1144,-472,-262
11558,1008,-704,-316
11580,824,-636,-319
11601,836,-764,-269
11624,952,-892,-200
11645,1040,-768,-147
11667,916,-616,-89
11688,1012,-696,-41
11710,832,-768,32
11731,896,-792,135
11753,836,-748,168
11811,564,-736,785
11833,404,-760,1179
11854,140,-636,1619
11880,284,-840,2302
11901,148,-700,2909
11923,-132,-720,3539
11944,100,-832,4232
11966,8,-868,4942
11987,-92,-796,5652
12051,-24,-1052,7834
12072,-160,-1120,8594
12094,-332,-1096,9353
12116,-148,-1120,10162
12138,-136,-1460,10948
12160,-40,-1344,11682
12181,-16,-1548,12429
12203,-64,-1536,13253
12224,-164,-1564,13827
12289,696,-1884,15509
12310,464,-1880,15843
12332,104,-1664,16189
12353,288,-1712,16529
12375,768,-2088,16840
12396,588,-2332,17155
12418,376,-2156,17450
12439,80,-1896,17758
12465,1956,-2236,17947
12523,952,-2092,17713
12545,1408,-2072,17582
12566,1448,-2192,17471
12588,908,-2104,17367
12609,776,-2112,17335
12631,1404,-2176,17260
12652,1460,-2064,17137
12675,1168,-2040,17046
12696,912,-1944,16976
12718,1068,-2088,16912
12778,960,-1876,16686
12800,1132,-1896,16636
12821,1148,-1948,16580
12843,1140,-2032,16517
12864,1156,-1888,16466
12886,1084,-1864,16400
12907,1284,-1852,16316
12930,1192,-1960,16291
12951,1044,-1920,16217
13009,1256,-1780,16100
13035,1168,-1944,16061
13057,1076,-1852,15998
13078,1128,-1840,15989
13100,1080,-1864,15940
13121,1160,-1920,15904
13143,1192,-1804,15870
13165,1100,-1632,15828
13187,976,-1792,15783
13245,1184,-1840,15689
13266,1052,-1876,15633
13288,1104,-1648,15604
13309,1144,-1760,15578
13332,1260,-1780,15539
13353,1164,-1720,15495
13375,1180,-1700,15448
,1204,-1764,15411
13421,1092,-1756,15365
13443,1152,-1816,15341
13503,1172,-1656,15231
13524,1160,-1736,15198
13547,1260,-1748,15160
13569,1172,-1624,15119
13593,1300,-1632,15035
13616,1224,-1744,14952
13637,1136,-1728,14947
13659,1272,-1720,14887
13680,1244,-1656,14811
13740,1312,-1632,14669
13761,1320,-1620,14620
13783,1388,-1636,14569
13804,1220,-1640,14503
13826,1232,-1692,14456
13847,1292,-1560,14421
13869,1340,-1644,14332
13890,1236,-1604,14268
13913,1248,-1608,14202
13972,1356,-1644,14050
13993,1192,-1508,14011
14015,1280,-1548,13933
14036,1364,-1520,13847
14058,1296,-1560,13839
14080,1240,-1560,13743
14101,1276,-1536,13674
14127,1236,-1632,13672
14148,1336,-1588,13469
14206,1232,-1492,13298
14228,1344,-1544,13297
14249,1236,-1488,13273
14271,1200,-1508,13124
14292,1344,-1484,12965
14315,1276,-1512,12890
14337,1276,-1480,12839
14358,1200,-1424,12795
14380,1400,-1572,12750
14401,1408,-1536,12654
14461,1244,-1444,12425
14483,1324,-1480,12347
14504,1312,-1392,12275
14526,1300,-1408,12198
14547,1372,-1396,12116
14569,1292,-1444,12005
14592,1320,-1488,11947
14613,1316,-1388,11865
14635,1252,-1296,11762
14694,1268,-1416,11523
14718,1360,-1320,11426
14740,1284,-1440,11332
14763,1248,-1280,11246
14784,1340,-1400,11144
14806,1288,-1456,11067
14827,1292,-1252,10964
14849,1296,-1268,10881
14870,1256,-1340,10813
14929,1380,-1284,10557
14951,1216,-1168,10480
14972,1252,-1280,10403
14994,1192,-1316,10335
15015,1204,-1280,10262
15037,1244,-1288,10150
15059,1256,-1268,10081
15081,1284,-1308,9987
15102,1252,-1232,9929
15124,1280,-1356,9834
15183,1376,-1312,9585
15206,1248,-1196,9469
15227,1132,-1100,9414
15252,1260,-1212,9273
15273,1168,-1008,9203
15295,1164,-1140,9119
15316,1248,-1140,9011
15338,1232,-1240,8905
15361,1212,-1116,8832
15420,1288,-1208,8584
15441,1160,-1184,8493
15463,1232,-1156,8419
15484,1136,-1116,8334
15506,1220,-1084,8272
15527,1180,-1060,8178
15549,1252,-980,8087
15570,1120,-1092,8023
15593,1140,-1164,7977
15652,1140,-1104,7744
15674,1240,-1004,7663
15695,1176,-1036,7592
15717,1240,-980,7513
15738,1276,-988,7448
15760,1268,-992,7369
15781,1172,-996,7284
15803,1168,-904,7230
15828,1152,-1060,7146
15887,1124,-924,6950
15929,1144,-960,6843
15950,1212,-1020,6790
15972,1132,-944,6711
15993,1112,-944,6657
16015,1080,-900,6575
16036,1124,-808,6530
16058,1120,-928,6450
16079,1144,-892,6388
16101,1164,-960,6318
16168,1168,-908,6170
16190,1084,-820,6096
16211,996,-792,6045
16233,1196,-912,5992
16254,1100,-888,5936
16277,1152,-908,5896
16299,1116,-920,5846
16320,1132,-856,5762
16342,1080,-920,5737
16401,1100,-956,5561
16422,1084,-780,5513
16444,1124,-924,5458
16470,1064,-928,5407
16491,1124,-884,5340
16513,1208,-916,5292
16534,1136,-828,5241
16556,1100,-804,5209
16577,1104,-840,5147
16635,1148,-796,5022
16657,1080,-860,5008
16678,1088,-828,4930
16700,1032,-784,4909
16721,1180,-812,4868
16743,1172,-760,4820
16764,1028,-820,4763
16786,1112,-848,4735
16807,1060,-840,4692
16829,1124,-792,4651
16888,1116,-792,4533
16910,1016,-764,4507
16931,1096,-792,4477
16953,1036,-768,4411
16975,1052,-676,4383
16997,1116,-796,4331
17018,1072,-792,4312
17043,1028,-752,4249
17064,1120,-788,4205
17125,1156,-848,4106
17146,1076,-764,4085
17168,1160,-788,4027
17189,1112,-712,3998
17211,1124,-848,3962
17232,1136,-728,3926
17254,1092,-768,3898
17275,1200,-688,3848
17297,1100,-716,3816
17355,1008,-732,3683
17377,1036,-768,3667
17398,1084,-712,3628
17420,1172,-664,3576
17441,1160,-628,3555
17463,1044,-764,3524
17484,1100,-660,3477
17506,1232,-760,3448
17527,1064,-768,3388
17549,1108,-752,3380
17607,1120,-716,3276
17629,1176,-692,3233
17650,1084,-732,3215
17670,1072,-680,3166
17691,1020,-692,3162
17713,1180,-664,3107
17734,1116,-668,3072
17756,1152,-584,3027
17777,1112,-784,3034
17836,1116,-708,2942
17857,1084,-704,2904
17879,1124,-684,2878
17900,1196,-684,2839
17922,1160,-548,2812
17943,1100,-668,2787
17965,1056,-748,2752
17986,1076,-740,2750
18008,1044,-616,2688
18029,1108,-628,2661
18087,1140,-628,2583
18109,1132,-740,2572
18130,1140,-672,2537
18152,1048,-572,2509
18173,1172,-708,2472
18195,1100,-768,2438
18216,1140,-592,2420
18242,1064,-632,2391
18264,1140,-728,2365
18322,1144,-600,2295
18343,1072,-656,2261
18366,1112,-712,2236
18387,1072,-576,2208
18409,1072,-668,2185
18430,1084,-640,2169
18452,1084,-716,2140
18473,1240,-632,2108
18495,1036,-740,2085
18553,1100,-612,2013
18575,1200,-620,1979
18596,1060,-608,1983
18618,1044,-716,1958
18639,1168,-636,1928
18662,1080,-568,1925
18683,1132,-644,1866
18705,1080,-664,1864
18726,1096,-640,1850
18748,1084,-668,1822
18805,984,-660,1762
18827,1104,-684,1743
18852,1076,-712,1704
18874,1072,-652,1698
18895,1132,-664,1680
18917,1036,-672,1644
18938,1112,-708,1654
18960,1132,-664,1626
18981,1064,-664,1605
19040,1092,-624,1568
19061,1120,-700,1535
19083,1120,-684,1502
19104,1120,-636,1500
19126,1024,-596,1498
19148,1012,-572,1461
19170,1168,-652,1430
19191,1024,-636,1417
19213,960,-712,1410
19272,1120,-660,1376
19294,1124,-540,1340
19315,996,-712,1311
19337,1192,-648,1327
19358,1064,-712,1303
19380,1196,-672,1292
19401,1128,-652,1274
19427,996,-648,1256
19448,1020,-724,1232
19508,1104,-636,1185
19529,1056,-656,1158
19551,1028,-596,1168
19572,1112,-664,1145
,1092,-632,1118
19618,1108,-656,1093
19640,1116,-588,1075
19661,1080,-544,1077
19683,1092,-656,1078
19704,1120,-568,1042
19762,1112,-672,1004
19783,1084,-652,982
19805,1076,-596,949
19826,1120,-568,930
19848,1108,-720,930
19869,1056,-668,923
19891,1104,-568,887
19912,1156,-624,880
19934,1100,-612,877
19993,1112,-584,818
20015,1048,-592,792
20036,1036,-632,779
20058,1100,-528,752
20077,1100,-648,769
20099,1068,-552,750
20120,1120,-504,718
20142,1108,-628,733
20163,1120,-580,716
20185,1080,-568,692
20242,1096,-696,637
20263,1108,-624,626
20285,1172,-796,604
20306,1216,-744,601
20328,1036,-624,593
20350,1096,-608,576
20372,1224,-680,539
20393,1032,-612,538
20415,1152,-604,538
20474,1100,-640,469
20496,1132,-608,491
20517,1088,-580,460
20539,1132,-640,442
20560,1000,-580,421
20582,1176,-628,419
20603,1112,-560,397
20625,1116,-672,398
20646,1024,-580,376
20708,1104,-704,350
20729,1104,-556,313
20751,1068,-600,320
20772,1120,-648,288
20794,1060,-580,304
20815,1048,-560,272
20837,1080,-492,240
20858,988,-580,255
20880,1192,-576,232
20901,1124,-580,195
20961,1072,-620,191
20981,1008,-580,196
21003,1012,-672,145
21024,1116,-692,159
21046,1064,-600,140
21067,1136,-696,138
21090,1128,-652,119
21111,1088,-536,112
21133,992,-620,110
21191,1084,-584,67
21213,1124,-636,60
21234,1084,-652,40
21256,1068,-660,36
21277,1032,-636,54
21299,1168,-580,24
21323,1008,-592,23
21345,944,-656,23
21366,1084,-672,47
21425,1068,-676,18
21446,1072,-664,48
21468,1100,-576,22
21489,1112,-572,31
21511,1088,-684,42
21532,988,-624,7
21553,1044,-516,52
21574,1076,-628,26
21596,1068,-616,28
21617,1024,-636,46
21677,1180,-556,45
21698,1056,-560,58
21720,1024,-644,62
21741,1076,-668,48
21763,1128,-632,62
21784,1156,-640,54
21806,1128,-604,85
21827,1008,-648,50
21849,984,-716,58
21910,1024,-740,70
21932,1084,-552,54
21953,1072,-632,79
21978,1060,-708,56
21999,1024,-616,64
22021,1124,-612,82
22042,1104,-608,75
22064,1036,-632,55
22085,1168,-704,88
22144,1144,-680,37
22165,1076,-632,67
22187,1096,-600,73
22208,996,-632,53
22230,996,-612,79
22251,996,-616,73
22273,1092,-540,43
22294,1084,-584,68
22316,1192,-632,59
22337,1040,-536,58
22395,1012,-616,59
22417,1028,-556,65
22438,1008,-584,68
22460,1032,-604,64
22481,1036,-488,44
22503,1040,-624,68
22524,1144,-520,58
22546,1060,-600,61
22567,1092,-568,67
22626,1156,-616,55
22650,1028,-592,69
22672,1072,-548,72
22693,1044,-656,53
22715,1056,-692,81
22736,964,-664,46
22758,1116,-688,61
22779,984,-680,52
22801,1144,-620,68
22859,1052,-572,67
22881,1104,-636,59
22902,1096,-604,56
22924,1068,-544,70
22945,1084,-664,62
22967,1096,-572,62
22988,1060,-584,48
23010,1112,-612,48
23031,1004,-544,70
23053,864,-656,55
23115,1012,-548,61
23137,1080,-608,80
23158,1056,-612,57
23180,1152,-652,54
23201,1088,-620,71
23222,1036,-604,45
23243,1156,-668,62
23265,1088,-680,61
23290,1088,-652,60
23349,964,-588,59
23370,1048,-520,70
23391,996,-612,56
23412,1112,-640,55
23434,1152,-540,70
23455,1136,-676,59
23477,1044,-564,57
23498,1048,-716,74
23520,1136,-688,68
23580,988,-564,65
23602,1108,-608,81
23623,1168,-536,68
23645,1148,-580,58
23666,1024,-620,75
23688,1060,-604,72
23709,1104,-612,85
23731,1056,-628,54
23752,1128,-660,60
23774,1068,-604,74
23832,1092,-600,58
23854,1056,-692,54
23875,1076,-736,76
23897,1124,-596,84
23918,1020,-616,60
23940,1008,-644,87
23964,1040,-652,73
23986,988,-640,55
24007,1032,-600,58
24066,1144,-564,60
24087,1132,-580,64
24109,1108,-700,53
24130,1032,-576,83
24152,1092,-588,70
24172,1012,-548,71
24194,1064,-580,61
24215,988,-648,49
24237,964,-472,51
24297,1184,-652,62
24318,1124,-612,83
24340,980,-728,45
24361,1112,-716,75
24383,1084,-604,58
24404,924,-620,63
24426,1044,-568,55
24448,996,-628,65
24469,1012,-588,54
24491,1068,-644,76
24549,1024,-704,64
24570,1080,-644,59
24592,1076,-636,77
24613,1148,-596,65
24639,1100,-544,55
24660,1096,-564,66
24682,1008,-640,63
24704,1092,-704,68
24725,1064,-528,49
24782,1136,-632,63
24804,1056,-612,64
24825,1156,-640,54
24847,1128,-640,71
24868,1044,-704,74
24890,1104,-540,61
24911,1020,-624,45
24933,1116,-628,71
24954,980,-680,70
25013,1092,-660,62
25034,1008,-580,60
25056,1064,-656,75
25077,996,-636,69
25098,1092,-672,68
25119,976,-596,70
25141,924,-620,93
25162,1064,-600,56
25184,1140,-544,67
25205,1124,-580,79
25265,1096,-600,58
25289,1156,-536,72
25311,1076,-616,51
25332,944,-532,62
25354,1148,-616,57
25375,1044,-616,66
25397,1104,-600,72
25418,1032,-612,61
25440,1076,-544,69
25498,1088,-644,58
25520,1096,-624,61
25541,964,-652,53
25563,1068,-568,58
25583,1076,-640,76
25605,928,-648,56
25626,1168,-588,53
25648,1096,-560,61
25669,1076,-668,66
25729,988,-540,51
25750,1064,-672,63
25772,1068,-596,64
25793,1140,-620,85
25815,1096,-620,97
25836,1044,-680,63
25858,1068,-608,70
25879,980,-696,56
25900,1160,-664,72
25962,1000,-688,70
25984,1136,-616,52
26005,1020,-736,76
26027,1040,-568,53
26048,1028,-612,64
26070,1072,-608,60
26091,1176,-652,82
26112,1056,-656,63
26133,1052,-576,69
26155,1044,-648,74
26217,1072,-584,55
26238,1112,-640,76
26260,1152,-648,50
26280,1144,-652,74
26302,1096,-616,75
26323,1076,-624,66
26345,1176,-588,54
26366,1044,-652,71
26388,1108,-572,70
26446,1120,-508,40
26468,1112,-660,56
26489,1068,-660,61
26511,1096,-616,69
26532,1188,-592,70
26554,1028,-536,50
26574,932,-692,67
26600,1104,-588,53
26621,1076,-612,66
26679,1064,-664,72
26700,1052,-632,48
26722,1128,-624,63
26743,1092,-632,70
26765,952,-564,67
26786,1064,-692,51
26808,1096,-584,51
26829,1032,-700,54
26851,1020,-656,57
26872,1084,-664,51
26932,1016,-660,58
26953,1064,-588,65
26975,1056,-628,38
26996,984,-648,67
27018,1108,-644,60
27039,1008,-556,63
27061,1040,-720,64
27082,1088,-636,47
27104,1032,-648,51
27163,1036,-568,66
27185,992,-692,59
27206,976,-600,60
27228,1112,-652,65
27249,1084,-676,65
27275,984,-524,63
27296,1020,-504,47
27318,1096,-588,63
27339,1076,-624,55
27397,1060,-512,55
27418,1084,-616,58
27440,1036,-512,58
27461,1088,-524,70
27483,1084,-728,61
27504,1084,-664,73
27526,1144,-576,57
27547,1092,-660,68
27569,1120,-588,64
27590,1032,-696,49
27668,1044,-624,69
27689,960,-608,82
27711,1108,-644,70
27732,1060,-700,61
27754,1016,-592,57
27776,1036,-548,58
27797,1124,-584,70
27819,1108,-664,67
27840,1124,-648,66
27907,1036,-640,69
27928,1012,-600,50
27954,1124,-640,56
27975,1132,-644,92
27997,996,-584,51
28018,988,-552,67
28040,1040,-608,62
28061,1088,-652,53
28083,1044,-656,55
28142,1060,-616,69
28164,1180,-648,60
28185,1084,-620,67
,1132,-580,65
28231,1100,-656,63
28252,1116,-580,61
28273,1036,-628,68
28295,1120,-532,58
28316,1192,-552,71
28338,1188,-616,53
28398,984,-608,62
28420,1112,-676,56
28441,1020,-652,54
28463,1060,-560,83
28484,1136,-596,54
28506,1036,-624,66
28527,1044,-696,54
28549,1056,-624,72
28570,1136,-628,67
28633,1204,-664,70
28654,984,-584,76
28676,1044,-540,50
28697,1080,-668,37
28719,1132,-620,59
28740,1096,-664,57
28762,932,-636,63
28783,960,-600,79
28805,1032,-628,71
28863,1096,-728,65
28884,1096,-664,54
28906,1056,-576,57
28928,1080,-652,73
28949,1076,-632,65
28971,1224,-624,58
28992,1100,-664,68
29014,992,-528,51
29035,1008,-588,74
29095,1100,-660,56
29117,980,-604,58
29138,1012,-548,79
29159,1104,-536,55
29180,1088,-564,54
29202,1016,-668,55
29223,1120,-656,80
29245,1036,-584,52
29312,1084,-640,59
29333,1052,-528,60
29355,1040,-576,58
29376,1024,-688,65
29398,1056,-688,75
29419,1092,-732,61
29441,1128,-444,65
29462,1056,-628,76
29484,1024,-600,77
29545,1080,-636,61
29566,1024,-628,73
29588,1120,-636,69
29609,1076,-692,50
29631,996,-612,58
29652,1160,-664,60
29674,1008,-576,90
29696,1140,-636,63
29717,1088,-756,48
29777,1068,-548,61
29799,1008,-604,67
29820,1092,-740,63
29842,1028,-660,54
29863,1064,-640,84
29885,1128,-672,79
29906,1048,-648,66
29928,972,-672,64
29953,1184,-572,56
30012,1052,-588,65
30033,1108,-568,61
30055,1104,-572,66
30076,1040,-576,58
30098,996,-696,63
30118,1084,-624,57
30140,1108,-592,70
30161,1080,-624,62
30183,1048,-628,52
30242,1128,-676,63
30264,1132,-592,66
30285,1044,-548,75
30307,1124,-624,78
30328,1124,-656,81
30350,1144,-704,67
30371,1084,-608,64
30393,1084,-632,70
30414,1096,-652,71
30474,1056,-644,70
30495,1096,-620,63
30517,1104,-632,66
30538,1028,-584,70
30560,1024,-536,58
30581,1044,-560,73
30603,1096,-632,52
30628,1032,-628,46
30688,1124,-624,66
30709,1096,-652,71
30731,1056,-756,62
30752,1052,-660,84
30773,1020,-632,67
30794,996,-580,79
30816,1084,-588,72
30837,1176,-644,49
30859,1036,-592,74
30919,1112,-584,69
30941,1020,-688,54
30962,1012,-604,57
30984,1204,-640,81
31005,1204,-708,58
31027,1124,-568,62
31048,964,-556,49
31070,1124,-552,49
31091,1032,-548,71
31151,1088,-688,84
31172,1040,-696,98
31194,1032,-612,59
31215,1064,-568,65
31237,1108,-584,66
31258,1032,-692,66
31284,1032,-536,73
31305,1056,-616,85
31327,1108,-628,64
31386,1052,-668,76
31408,1032,-656,62
31428,1076,-588,69
31450,1080,-612,58
31471,1084,-604,67
31493,1088,-572,71
31514,1056,-664,62
31536,1016,-672,68
31557,1112,-576,46
31618,1196,-636,61
31639,1112,-624,68
31661,1120,-620,60
31682,1048,-676,60
31704,1088,-652,63
31725,1060,-620,58
31747,1104,-532,65
31767,1160,-632,50
31789,1112,-600,82
31852,1032,-564,61
31874,1048,-540,63
31895,1040,-672,61
31917,1044,-708,76
31938,1156,-588,89
31963,1084,-588,54
31984,980,-600,90
32006,1120,-612,71
32066,1076,-620,69
32088,1252,-664,62
32109,1144,-660,74
32131,1100,-636,76
32152,1036,-616,66
32174,1120,-624,67
32195,1068,-560,71
32217,1048,-724,75
32238,1036,-684,61
32300,1068,-656,58
32321,992,-648,71
32343,1060,-656,64
32363,1084,-564,72
32385,996,-552,56
32406,1060,-676,59
32428,1120,-744,58
32449,988,-652,63
32471,1136,-560,60
32531,1104,-592,81
32552,1068,-624,66
32574,1008,-640,65
32595,1132,-560,49
32617,1204,-636,67
32642,1052,-452,54
32663,1148,-760,61
32685,1160,-800,39
32706,920,-68,82
32765,1028,-216,65
32787,1192,-820,60
32808,1028,-680,76
32830,1100,-456,141
32851,920,-788,236
32873,888,-308,288
32894,1332,-92,419
32915,984,-548,510
32936,992,-1584,434
32996,692,156,840
33017,1044,-172,895
33039,912,-952,978
33060,704,64,992
33082,688,-280,1318
33103,724,-924,1242
33125,2096,-4896,966
33146,416,1632,1273
33168,824,-300,1376
33227,1060,-388,1467
33249,804,-524,1508
33270,908,-180,1564
33296,1100,-464,1592
33317,1548,-540,1557
33339,1196,-472,1594
33360,832,-896,1521
33382,832,-476,1439
33441,1224,-428,1228
33463,1096,-380,966
33484,1372,-216,1103
33506,1196,-416,1061
33527,1036,-496,1044
33549,1096,-428,979
33570,1084,-440,857
33592,1392,-388,770
33613,1220,-244,682
33673,1392,-812,474
33694,1324,-912,390
33716,1096,-596,323
33737,1412,-632,311
33759,1352,-1008,281
33780,896,-904,312
33802,1380,-660,353
33823,1168,-536,444
33845,848,-708,445
33903,808,-504,549
33929,956,-560,531
33950,1008,-504,584
33972,1228,-520,601
33993,792,-392,579
34015,960,-636,576
34036,960,-724,558
34058,1304,-620,579
34079,940,-660,586
34138,832,-684,594
34159,1080,-604,636
34181,1116,-660,704
34202,1132,-608,703
34224,1112,-660,789
34245,1228,-960,774
34267,1224,-736,813
34288,1052,-892,772
34310,924,-908,797
34370,1232,-652,764
34392,1072,-684,748
34413,1232,-764,701
34435,1188,-684,645
34456,1196,-756,590
34478,1180,-968,545
34499,1364,-824,528
34521,1140,-716,451
34584,1412,-704,286
34606,1200,-668,235
34627,1340,-732,195
34649,1304,-760,122
34670,1268,-700,46
34692,1340,-744,-17
34713,1192,-804,-43
34735,1340,-840,-145
34756,1352,-756,-176
34817,1152,-864,-298
34838,1356,-708,-341
34874,516,880,-205
34895,1332,-884,-356
34917,1076,-1016,-372
34938,1304,-604,-388
34960,1232,-672,-395
34981,1144,-564,-378
35003,1236,-636,-366
35062,1136,-696,-348
35084,972,96,-359
35105,1488,-508,-217
35127,1544,-624,-197
35148,1048,-544,-211
35170,1244,-516,-186
35195,688,-768,-103
35217,1244,-568,-69
35238,752,-1808,-67
35299,1064,-388,130
35320,1988,-656,153
,924,-524,225
35366,1228,-232,283
35388,764,-880,316
35409,1044,-528,315
35431,1484,-908,345
35452,988,-1000,341
35474,1136,-732,286
35533,1384,-580,277
35555,1296,-588,274
35576,1132,-748,241
35598,1136,-532,216
35619,1132,-488,216
35641,1120,-612,184
35662,1124,-596,152
35684,1432,-1452,176
35705,1084,-956,162
35769,1256,-1236,176
35790,1608,236,241
35812,1192,-764,223
35836,1024,-904,180
35858,1192,-684,137
35879,1212,-1020,110
35901,1200,-940,70
35922,1236,-1196,25
35983,972,-1084,-76
36004,956,-1116,-95
36026,1144,-1136,-96
36047,1344,-1012,-89
36069,1228,-468,-82
36090,1308,-564,-105
36112,1084,-160,-102
36133,748,-1312,-299
36155,1064,-1080,-205
36215,1168,0,-141
36237,1360,-292,-149
36258,628,112,-179
36280,1168,-588,-104
36301,560,-1312,-174
36323,1232,32,-166
36344,3592,-3164,-250
36366,-352,-500,-12
36387,520,-1856,-57
36448,964,-1288,-66
36472,1044,-504,-17
36494,1144,-1488,-24
36515,1408,-828,-80
36537,236,-1780,-252
36558,1224,-64,-75
36580,1408,140,-99
36601,1028,-392,-90
36623,1284,-516,-104
36682,952,-440,-21
36704,1260,-300,-43
36725,776,-224,-15
36747,1168,-488,18
36768,1080,-336,19
36790,988,-520,46
36811,744,-52,53
36832,516,-136,179
36853,1160,-308,156
36913,736,-764,191
36934,856,-412,-9
36956,1320,148,169
36977,880,-332,176
36999,968,-232,180
37020,1096,-408,218
37042,1012,-536,208
