time,AcX,AcY,GyZ
6185,1452,-444,66
6206,1324,-556,42
6227,1372,8,56
6248,1572,-212,74
6269,1220,-692,56
7245,1156,-136,73
7267,1104,-180,70
7288,1220,-344,48
7309,1124,-264,75
7330,1068,-324,60
7351,1076,-72,63
7414,1044,-268,52
7436,1184,488,54
7457,1372,-568,84
7478,1344,-472,34
7499,1176,-240,48
11113,1532,292,32
11181,1220,-744,21
11202,1284,-740,-5
11224,1164,-856,-32
11245,1140,-548,15
11266,1232,-416,13
11287,1148,-440,48
11309,720,-616,62
11329,1300,-628,65
11351,1116,-708,108
11387,1248,-768,129
11408,1192,-412,64
11429,1264,-312,87
11451,1204,-564,63
11471,1276,-344,59
11493,1256,-204,91
11514,1296,-328,122
11535,1144,-480,133
11556,1328,-440,167
11578,1160,-328,186
11599,1088,-276,224
11658,1316,-192,183
11679,1224,-216,159
11701,1244,-320,151
11721,1332,-432,132
11743,1196,-208,138
11764,1196,-268,123
11786,1316,-468,88
11806,1260,-280,91
11828,1180,-316,70
11849,1264,-304,54
11870,1208,-248,55
11891,1264,-344,54
11913,1248,-360,71
11933,1248,-280,61
11958,1260,-364,56
11979,1268,-372,62
12001,1248,-372,70
12021,1268,-224,79
12043,1360,-320,49
12064,1240,-356,60
12123,1196,-404,59
12163,1168,-368,64
12184,1240,-452,61
12206,1268,-240,60
12226,1252,-324,66
12248,1208,-276,72
12269,1328,-296,65
12290,1260,-344,71
12311,1244,-232,68
12333,1304,-280,68
12353,1284,-288,57
12375,1308,-336,52
12396,1232,-292,63
12417,1216,-316,82
12438,1336,-268,58
12460,1204,-308,69
12481,1284,-288,84
12502,1352,-292,76
12523,1232,-260,72
12545,1196,-388,89
12614,1232,-320,49
12650,1200,-340,59
12670,1256,-212,61
12692,1320,-324,63
12713,1204,-368,90
12734,1288,-312,71
12755,1140,-372,81
12776,1272,-356,71
12797,1212,-256,68
12819,1272,-304,63
12839,1208,-332,75
12861,1232,-316,71
12882,1272,-264,74
12903,1288,-256,86
12924,1272,-340,46
12946,1180,-344,69
12966,1280,-292,71
12988,1208,-236,68
13009,1220,-312,65
13030,1276,-244,59
13089,1332,-360,69
13111,1140,-316,54
13132,1328,-276,72
13153,1284,-256,63
13174,1216,-296,59
13199,1232,-368,64
13219,1268,-240,71
13241,1220,-372,75
13262,1216,-252,61
13283,1332,-416,52
13304,1228,-408,62
13326,1244,-280,65
13346,1204,-380,66
13368,1260,-396,72
13389,1256,-260,57
13410,1256,-304,69
13431,1144,-272,68
13453,1160,-220,68
13473,1224,-268,72
13495,1288,-352,67
13553,1252,-320,56
13575,1216,-324,70
13595,1328,-244,54
13617,1164,-388,59
13638,1216,-248,73
13659,1212,-264,73
13680,1268,-340,54
13702,1200,-320,49
13722,1216,-336,69
13744,1220,-304,53
13765,1184,-332,78
13789,1232,-308,80
13822,1224,-420,56
13843,1292,-288,55
13864,1180,-288,60
13886,1216,-324,66
13906,1288,-372,51
13928,1388,-356,77
13949,1240,-348,66
13970,1228,-300,59
14029,1152,-284,64
14050,1348,-252,71
14071,1232,-296,80
14093,1324,-348,59
14113,1240,-292,68
14135,1352,-324,82
14156,1104,-380,54
14177,1312,-268,79
14198,1312,-288,66
14220,1136,-324,51
14240,1228,-348,70
14262,1324,-376,65
14283,1312,-348,69
14304,1224,-216,69
14325,1256,-240,55
14347,1316,-316,61
14367,1260,-328,45
14392,1232,-404,58
14413,1272,-356,62
14434,1176,-276,46
14492,1196,-388,53
14514,1516,-140,29
14534,1384,-212,-22
14556,1388,-368,-72
14577,1340,-196,-112
14599,1164,-220,-95
14619,1292,-412,-118
14641,1324,-404,-190
14662,1244,-336,-241
14683,1324,-220,-326
14704,1340,-128,-405
14726,1404,-208,-477
14747,1320,-396,-548
14768,1216,-436,-533
14789,996,-200,-497
14811,896,-352,-316
14831,860,-352,-142
14853,1048,-272,-43
14874,1436,-140,-53
14896,1540,-300,-129
14954,1192,-188,-403
14979,1104,-456,-386
14999,820,-280,-240
15021,1012,-364,-76
15057,1184,-236,155
15078,1252,-212,202
15099,1480,-808,246
15121,608,740,172
15141,1392,-1856,233
15163,1120,-1564,212
15184,1176,-2472,266
15206,1772,-3112,131
15226,1176,-612,124
15248,1588,436,129
15269,56,2472,152
15290,1840,1104,93
15311,1148,-484,134
15333,916,672,39
15353,696,624,77
15375,1080,796,23
15433,2212,-1312,14
15455,1540,164,-14
15476,720,592,-9
15497,244,152,59
15518,836,308,97
15539,1804,724,47
15563,1416,-696,92
15585,856,-564,58
15605,968,-116,135
15627,1080,-460,172
15648,1480,-476,154
15670,1340,-168,185
15690,1480,36,176
15712,1044,-84,205
15733,1260,-504,218
15754,1384,-656,214
15775,1176,-820,210
15797,1616,-700,186
15818,1652,-480,167
15839,1232,-228,148
15898,1336,-600,101
15919,1256,-560,100
15940,1088,0,52
15962,1224,-108,67
15983,1264,-348,49
16004,1292,-512,45
16025,1144,-308,73
16047,1252,-100,72
16067,1340,-144,48
16089,1196,-356,69
16110,1080,-416,72
16135,1148,-264,32
16155,1348,-268,43
16177,1264,-260,54
16198,1148,-268,56
16219,1192,-340,64
16252,1236,-436,66
16273,1208,-288,64
16294,1204,-220,83
16316,1308,-412,82
16374,1228,-244,64
16396,1228,-420,44
16417,1172,-340,84
16439,1196,-316,62
16459,1308,-304,66
16481,1288,-308,68
16502,1200,-256,70
16523,1232,-272,82
16544,1272,-344,49
16566,1164,-360,51
16587,1160,-348,81
16608,1188,-256,53
16629,1260,-356,42
16651,1224,-312,70
16671,1228,-356,73
16693,1296,-352,65
16714,1308,-284,54
16739,1132,-268,48
16759,1324,-404,67
16781,1288,-380,55
16839,1252,-348,36
16861,1244,-264,64
16882,1296,-324,84
16903,1100,-364,79
16924,1292,-348,85
16946,1328,-360,44
16966,1140,-252,86
16988,1256,-288,75
17009,1328,-368,70
17031,1276,-372,49
17051,1148,-224,60
17073,1192,-348,71
17094,1256,-332,77
17115,1320,-340,86
17136,1204,-268,77
17158,1320,-328,55
17178,1140,-380,79
17200,1264,-344,78
17221,1360,-280,66
17243,1216,-232,75
17301,1248,-368,79
17323,1144,-364,65
17343,1180,-320,78
17368,1336,-276,40
17389,1136,-320,50
17411,1180,-344,88
17431,1196,-312,71
17453,1264,-192,50
17486,1200,-260,69
17507,1180,-320,71
17528,1176,-268,87
17550,1212,-184,65
17570,1232,-360,62
17592,1280,-368,58
17613,1252,-372,69
17635,1232,-248,56
17655,1264,-200,57
17677,1228,-356,68
17698,1340,-584,73
17719,772,-168,77
17778,1268,-448,56
17799,1104,-492,30
17820,1052,8,67
17842,1280,-160,61
17862,1420,-680,67
17884,1168,-376,93
17905,1216,52,65
17926,1384,-308,59
17947,1240,-492,63
17972,1136,-336,82
17993,1256,-236,59
18014,1404,-184,52
18035,1364,-296,55
18057,1124,-460,50
18077,1180,-344,44
18099,1200,-356,76
18120,1336,-372,54
18142,1176,-260,56
18162,1256,-188,70
18184,1268,-412,77
18242,1328,-276,59
18264,1308,-224,48
18285,1232,-288,37
18307,1108,-332,45
18327,1200,-332,77
18349,1292,-260,44
18370,1316,-160,64
18391,1236,-304,53
18412,1240,-336,51
18434,1144,-396,81
18454,1236,-248,59
18476,1276,-304,74
18497,1268,-284,55
18519,1356,-308,57
18542,1376,-412,34
18564,1132,-260,40
18585,992,-332,56
18607,1296,-280,58
,1372,-180,63
18652,1368,-156,63
18710,1168,-256,76
18744,1232,-328,90
18764,1192,-204,81
18786,1184,-500,68
18807,1260,-364,69
18828,1320,-272,60
18849,1236,-256,75
18871,1100,-296,29
18891,1152,-304,43
18913,1188,-252,28
18934,1216,-324,17
18956,1200,-368,-28
18976,1280,-240,-67
18998,1452,-340,-125
19019,1272,-312,-186
19041,1308,-264,-256
19061,1356,-416,-315
19083,1372,-360,-333
19104,1260,-220,-355
19129,1284,-184,-364
19187,1104,-288,-397
19209,1052,-492,-345
19229,1032,-256,-279
19251,1260,-116,-245
19272,1208,-336,-158
19294,1140,-448,-77
19314,1128,-436,-68
19336,1180,-180,26
19357,1272,-336,48
19378,1280,-484,57
19399,1228,-284,38
19421,1320,-212,31
19441,1332,-324,7
19463,1224,-400,2
19484,1156,-460,-29
19506,1636,56,-72
19526,1140,-32,-64
19548,1136,-372,11
19569,1152,-216,202
19590,816,-408,468
19649,196,-440,1883
19670,564,-324,2379
19691,544,-436,2919
19713,456,-364,3408
19737,-44,-468,4145
19758,-320,-280,5045
19779,-940,-504,6172
19801,-1152,-664,7520
19822,-1176,-704,8999
19844,-1320,-820,10501
19865,-1024,-932,11886
19886,-796,-1124,13332
19919,-1092,-1348,15558
19941,-1116,-1572,17062
19962,-1356,-1992,18632
19984,-1492,-2240,20288
20005,-1448,-2800,22032
20026,-1676,-3020,23881
20047,-1684,-3564,25784
20069,-1620,-4092,27700
20127,-1640,-4668,32767
20149,-2092,-4592,32767
20170,-2536,-6280,32767
20192,-2196,-7472,32767
20213,-1504,-10228,32767
20238,172,-9344,32767
20258,412,-8316,32767
20280,2108,-8468,32767
20301,764,-8052,32767
20323,652,-7676,32767
20343,340,-10532,32767
20365,1952,-10584,32767
20386,2096,-8004,32767
20408,1668,-7628,32767
20429,1916,-8592,32767
20450,1532,-8728,32767
,1660,-9084,32767
20496,2208,-8532,32767
20517,2104,-8344,32767
20538,2132,-8632,32767
20597,1772,-8960,32767
20619,1796,-8680,32767
20639,1848,-8364,32767
20661,1752,-8568,32767
20682,1724,-8604,32767
20704,1588,-8576,32767
20725,1684,-8764,32767
20750,1936,-8528,32767
20770,1924,-8672,32767
20792,1620,-8312,32767
20813,1568,-8420,32767
20835,1364,-8316,32767
20856,1524,-8304,32767
20878,2032,-8604,32767
20899,1896,-8472,32767
20920,2140,-8364,32767
20941,1860,-8404,32767
20963,1916,-8188,32767
20984,1848,-8148,32767
21006,1752,-8176,32767
21064,1572,-7916,32767
21086,1656,-7832,32767
21106,1692,-7688,32767
21128,1764,-7756,32767
21161,1768,-7696,32767
21183,1712,-7672,32767
21204,1616,-7460,32767
21225,1676,-7296,32767
21250,2028,-7436,32767
21271,1868,-7520,32767
21293,1976,-7384,32767
21314,1808,-7216,32767
21336,1700,-7192,32767
21356,1788,-7200,32767
21378,1736,-7296,32767
21399,1760,-7024,32767
21421,1836,-6988,32767
21442,1860,-7028,32767
21464,1824,-7092,32767
21484,1784,-7136,32767
21542,1920,-7132,32767
21564,1852,-7076,32767
21585,1784,-6860,32767
21607,1748,-6800,32767
21628,1748,-6936,32767
21650,1788,-7064,32767
21670,1928,-6900,32767
21692,1940,-6828,32767
21713,1716,-6788,32767
21735,1620,-6932,32767
21760,1560,-6828,32767
21781,1624,-6784,32767
21801,1712,-6732,32767
21823,1844,-6928,32767
21844,1796,-6780,32767
21866,1712,-6856,32767
21888,1784,-6772,32767
21908,1736,-6852,32767
21929,1760,-6664,32767
21951,1744,-6748,32767
22009,1764,-6600,32767
22031,1756,-6656,32767
22052,1760,-6568,32767
22073,1768,-6544,32767
22094,1780,-6564,32767
22116,1832,-6608,32767
22137,1768,-6320,32767
22159,1652,-6248,32767
22180,1840,-6428,32767
22201,1676,-6472,32767
22222,1660,-6404,32767
22247,1784,-6180,32767
22268,1648,-6356,32767
22290,1764,-6180,32767
22311,1732,-6144,32767
22345,1592,-6176,32767
22366,1496,-6192,32767
22387,1676,-5928,32767
22409,1720,-5920,32767
22430,1760,-5980,32767
22489,1580,-5744,32767
22510,1784,-5736,32767
22532,1740,-5792,32767
22553,1796,-5756,32767
22575,1532,-5656,32767
22595,1768,-5504,32767
22617,1776,-5604,32767
22638,1884,-5548,32767
22660,1696,-5628,32767
22681,1704,-5520,32767
22703,1796,-5400,32631
22723,1768,-5368,32534
22748,1676,-5440,32423
22769,1768,-5336,32342
22791,1728,-5300,32234
22812,1612,-5308,32144
22834,1640,-5244,32062
22854,1644,-5332,31982
22876,1800,-5336,31897
22897,1740,-5228,31843
22956,1788,-5364,31694
22976,1732,-5396,31636
22998,1804,-5216,31579
23019,1748,-5100,31530
23041,1576,-5168,31493
23062,1452,-5168,31441
23083,1684,-5156,31406
23104,1804,-5132,31352
23126,1648,-5016,31305
23147,1616,-5072,31297
23169,1608,-5108,31274
23189,1660,-5152,31221
23211,1660,-5140,31195
23232,1776,-5104,31151
23257,1572,-5088,31103
23278,1604,-5052,31100
23300,1764,-5204,31062
23320,1692,-5048,31024
23342,1776,-5220,30990
23363,1872,-5152,30961
23449,1540,-5140,30779
23473,1580,-5056,30742
23494,1456,-5032,30687
23516,1516,-4948,30638
23537,1392,-5052,30573
23559,1376,-4784,30536
23591,1552,-4940,30464
23613,1728,-4940,30401
23634,1672,-4876,30338
23656,1784,-4848,30239
23677,1700,-4768,30195
23699,1632,-4704,30129
23719,1568,-4832,30054
23741,1320,-4812,29982
23762,1432,-4788,29919
23787,1384,-4804,29857
23809,1752,-4712,29792
23830,1672,-4668,29748
23851,1736,-4788,29680
23872,1616,-4620,29615
23930,1440,-4488,29431
23952,1528,-4596,29362
23973,1444,-4604,29293
23995,1768,-4568,29212
24016,1592,-4444,29133
24037,1608,-4184,29043
24058,1552,-4456,28979
24080,1496,-4584,28900
24101,1564,-4288,28821
24123,1568,-4188,28733
24143,1456,-4152,28668
24165,1480,-4084,28559
24186,1564,-4328,28462
24208,1716,-4188,28397
24229,1636,-4104,28295
24250,1808,-4136,28234
24289,1620,-4216,28112
24310,1588,-4128,28029
24332,1676,-4076,27979
24352,1532,-4164,27897
24419,1740,-4000,27705
24440,1548,-4056,27664
24462,1600,-4104,27625
24483,1592,-3984,27566
24505,1788,-3860,27518
24525,1488,-4100,27483
24547,1576,-4076,27419
24568,1468,-4092,27408
24590,1580,-3972,27378
24611,1452,-3916,27327
24633,1676,-3964,27288
24653,1604,-4004,27264
24675,1672,-4120,27198
24696,1476,-3916,27157
24718,1588,-3844,27090
24739,1644,-3908,27057
24761,1584,-3976,27008
24782,1688,-4036,26938
24819,1808,-3960,26844
24841,1644,-3992,26796
24899,1804,-3824,26627
24921,1648,-3952,26549
24942,1572,-3888,26505
24963,1600,-3876,26446
24984,1692,-4044,26391
25006,1596,-3888,26302
25027,1532,-3644,26267
25049,1720,-3852,26174
25069,1736,-3884,26131
25091,1784,-3936,26065
25112,1540,-3856,26008
25134,1720,-3744,25920
25155,1804,-3748,25856
25176,1644,-3832,25798
25197,1640,-3688,25732
25219,1520,-3752,25692
25240,1540,-3796,25638
25262,1416,-3628,25583
25282,1508,-3540,25488
25307,1492,-3664,25459
25366,1372,-3488,25302
25388,1552,-3388,25263
25409,1524,-3596,25200
25431,1324,-3568,25134
25451,1400,-3576,25091
25473,1120,-3416,25026
25494,1376,-3360,24988
25516,1424,-3504,24932
25537,1532,-3440,24835
25558,1392,-3368,24801
25579,1532,-3268,24758
25601,1452,-3276,24715
25622,1588,-3368,24641
25644,1672,-3384,24591
25664,1552,-3392,24522
25686,1600,-3396,24469
25707,1440,-3284,24426
25729,1512,-3152,24354
25750,1668,-3376,24308
25771,1436,-3256,24225
25833,1604,-3148,24046
25854,1544,-3332,23975
25875,1684,-3180,23898
25896,1372,-3032,23843
25918,1616,-3088,23770
25939,1556,-3060,23694
25961,1660,-3228,23645
25982,1488,-2972,23567
26003,1584,-2892,23468
26024,1564,-2940,23382
26058,1588,-3128,23287
26080,1568,-2908,23218
26101,1612,-2880,23152
26122,1576,-2816,23107
26143,1612,-3000,23015
26165,1652,-3060,22970
26186,1604,-2780,22890
26208,1500,-2808,22834
26229,1588,-2828,22791
26250,1544,-2836,22718
26309,1648,-2776,22568
26331,1784,-2776,22511
26355,1696,-2876,22450
26376,1676,-2832,22402
26397,1628,-2788,22355
26419,1652,-2788,22275
26440,1572,-2752,22205
26462,1524,-2752,22168
26482,1524,-2668,22092
26504,1732,-2820,22036
26525,1688,-2764,21988
26547,1568,-2744,21909
26568,1700,-2760,21867
26590,1572,-2860,21801
26610,1624,-2712,21764
26632,1756,-2696,21690
26653,1552,-2644,21590
26675,1636,-2684,21532
26696,1672,-2772,21487
26717,1628,-2660,21421
26776,1620,-2588,21279
26798,1656,-2760,21213
26818,1636,-2620,21154
26843,1440,-2548,21093
26864,1500,-2608,21039
26886,1468,-2556,21010
26907,1448,-2536,20970
26929,1448,-2524,20906
26949,1536,-2552,20872
26971,1428,-2672,20841
26992,1420,-2668,20797
27014,1448,-2596,20781
27035,1468,-2504,20736
27056,1416,-2696,20755
27077,1432,-2528,20702
27099,1544,-2652,20697
27120,1364,-2588,20656
27142,1516,-2660,20645
27163,1420,-2544,20626
27184,1312,-2600,20606
27243,1448,-2652,20528
27265,1480,-2616,20506
27298,1412,-2512,20464
27319,1428,-2448,20428
27343,1464,-2612,20382
27365,1444,-2540,20327
27386,1280,-2532,20252
27408,1424,-2488,20249
27429,1484,-2540,20169
27450,1304,-2488,20122
27471,1296,-2412,20052
27493,1372,-2488,19990
27514,1424,-2360,19975
27536,1464,-2348,19936
27557,1352,-2472,19857
27578,1372,-2304,19829
27599,1228,-2408,19774
27621,1400,-2384,19724
27642,1472,-2240,19707
27663,1524,-2488,19654
27722,1260,-2260,19546
27744,1288,-2212,19521
27764,1360,-2304,19485
27786,1240,-2340,19438
27807,1296,-2164,19412
27829,1344,-2260,19370
27853,1428,-2320,19339
27874,1392,-2280,19306
27895,1472,-2340,19269
27917,1504,-2208,19224
27938,1428,-2100,19204
27960,1328,-2024,19146
27980,1368,-1936,19098
28002,1276,-1748,19053
28023,1484,-2224,18992
28045,1532,-2200,18951
28065,1692,-2104,18871
28087,1340,-2064,18838
28108,1416,-2084,18768
28156,1380,-2048,18689
28218,1472,-2096,18509
28239,1544,-2036,18465
28261,1488,-1928,18411
28282,1496,-1896,18330
28303,1328,-2012,18280
28324,1364,-2096,18214
28346,1448,-2036,18169
28370,1416,-1816,18120
28392,1368,-1920,18081
28413,1404,-1960,18036
28434,1512,-2084,17988
28455,1468,-1956,17945
28491,1252,-1912,17908
28513,1556,-1832,17859
28534,1648,-1832,17808
28556,1532,-1972,17767
28577,1464,-1976,17716
28598,1536,-1796,17674
28619,1480,-2012,17659
28641,1480,-1928,17601
28699,1376,-1840,17506
28741,1464,-1736,17451
28763,1584,-1768,17415
28784,1468,-1852,17389
28806,1540,-1836,17377
28827,1612,-1908,17306
28848,1552,-1840,17290
28869,1500,-1728,17227
28894,1512,-1896,17204
28915,1592,-1840,17169
28937,1576,-1828,17129
28957,1488,-1880,17063
28979,1444,-1860,17031
29000,1508,-1872,17020
29022,1500,-1840,16942
29043,1484,-1860,16937
29064,1612,-1792,16870
29085,1576,-1780,16820
29107,1544,-1748,16750
29128,1524,-1872,16709
29194,1504,-1788,16544
29215,1524,-1788,16505
29237,1600,-1804,16409
29258,1540,-1820,16389
29280,1528,-1652,16294
29301,1624,-1680,16244
29322,1460,-1736,16202
29343,1536,-1740,16141
29365,1656,-1700,16097
29386,1616,-1864,16049
29411,1540,-1644,15975
29432,1520,-1788,15936
29453,1520,-1780,15871
29474,1396,-1728,15831
29496,1560,-1688,15801
29517,1640,-1736,15750
29539,1536,-1724,15735
29560,1412,-1688,15672
29581,1436,-1768,15632
29602,1432,-1832,15615
29661,1536,-1760,15474
29682,1464,-1680,15453
29704,1404,-1724,15391
29725,1516,-1724,15346
29758,1364,-1636,15296
29779,1276,-1836,15252
29801,1432,-1752,15195
29822,1444,-1712,15170
29843,1448,-1684,15166
29864,1216,-1504,15124
29886,1452,-1648,15057
29911,1416,-1688,15026
29932,1552,-1604,14990
29954,1448,-1736,14928
29975,1428,-1452,14902
29996,1256,-1536,14855
30017,1364,-1616,14809
30039,1400,-1696,14789
30060,1496,-1608,14751
30082,1484,-1516,14701
30140,1360,-1620,14586
30161,1304,-1528,14526
30183,1396,-1428,14484
30204,1380,-1552,14460
30225,1324,-1388,14393
30246,1352,-1648,14333
30268,1380,-1568,14310
30289,1208,-1460,14250
30311,1276,-1504,14219
30332,1200,-1516,14171
30353,1436,-1556,14163
30374,1388,-1396,14147
30399,1364,-1372,14060
30420,1300,-1332,14017
30442,1392,-1524,14054
30464,1344,-1560,14016
30485,1344,-1424,14014
30505,1372,-1352,13978
30527,1348,-1364,13934
30548,1332,-1360,13926
30607,1224,-1460,13867
30628,1264,-1352,13807
30650,1392,-1340,13828
30671,1292,-1364,13730
30692,1356,-1468,13772
30713,1332,-1364,13696
30735,1384,-1352,13734
30756,1356,-1372,13696
30778,1296,-1400,13722
30799,1340,-1292,13535
30820,1356,-1440,13566
30841,1384,-1312,13619
30863,1312,-1348,13597
30884,1368,-1284,13573
30909,1356,-1112,13378
30942,1196,-1236,13455
30963,1356,-1300,13311
30985,1328,-1292,13313
31006,1336,-1328,13305
31028,1440,-1224,13298
31086,1184,-1212,13174
31108,1324,-1232,13156
31129,1364,-1200,12983
31151,1308,-1196,13069
31171,1292,-1264,13035
31193,1440,-1228,12886
31214,1372,-1068,12855
31236,1260,-1300,12824
31257,1232,-1104,12756
31279,1428,-1104,12753
31300,1352,-1144,12666
31321,1364,-1076,12632
31342,1176,-1196,12610
31364,1340,-1184,12522
31385,1264,-1172,12462
31410,1548,-1140,12401
31431,1316,-1316,12382
31453,1296,-940,12306
31473,1376,-1200,12274
31495,1376,-1120,12237
31553,1396,-1152,12114
31575,1244,-1084,12077
31596,1392,-1092,12034
31618,1332,-1148,12010
31638,1544,-1056,11967
31660,1344,-980,11916
31681,1356,-932,11876
31703,1324,-988,11862
31724,1392,-1036,11818
31746,1408,-1052,11789
31766,1412,-1220,11742
31788,1404,-1024,11733
31809,1316,-1012,11695
31831,1388,-1024,11652
31852,1496,-904,11627
31873,1552,-1076,11603
31894,1516,-1132,11571
31913,1424,-1076,11526
31935,1304,-1056,11505
31955,1340,-1080,11493
32015,1448,-1096,11415
32036,1476,-924,11370
32058,1432,-952,11353
32078,1468,-1000,11318
32100,1416,-1076,11306
32121,1536,-956,11263
32143,1380,-1136,11236
32164,1340,-1024,11230
32197,1320,-1120,11171
32219,1516,-1032,11146
32240,1468,-968,11102
32262,1356,-936,11064
32283,1488,-1020,11045
32304,1500,-996,10990
32325,1500,-992,10957
32347,1448,-988,10931
32368,1452,-928,10907
32390,1496,-1012,10869
32419,1500,-996,10824
32441,1496,-940,10767
32499,1524,-984,10694
32521,1448,-884,10659
32542,1384,-1060,10642
32564,1536,-1016,10601
32584,1468,-1008,10569
32606,1492,-1168,10515
32627,1452,-1012,10479
32649,1500,-968,10434
32670,1468,-1036,10392
32692,1492,-1072,10352
32712,1476,-1056,10321
32734,1348,-932,10252
32755,1488,-1056,10233
32777,1452,-980,10205
32798,1468,-1092,10167
32820,1492,-992,10111
32840,1472,-892,10059
32862,1472,-984,10027
32883,1384,-1124,9994
32905,1552,-1028,9931
32966,1392,-960,9803
32988,1392,-1036,9787
33009,1460,-984,9737
33031,1520,-840,9703
33051,1540,-976,9660
33073,1496,-1024,9622
33094,1492,-984,9581
33116,1476,-936,9564
33137,1316,-948,9542
33158,1356,-908,9486
33179,1292,-916,9468
33201,1440,-1020,9411
33221,1424,-1016,9415
33243,1320,-956,9386
33264,1524,-896,9326
33286,1436,-928,9302
33307,1348,-1032,9282
33328,1440,-980,9284
33349,1332,-904,9247
33371,1308,-896,9206
33430,1476,-996,9124
33463,1316,-928,9075
33484,1288,-844,9056
33509,1556,-1024,9010
33530,1480,-1024,9005
33551,1424,-952,8971
33572,1376,-864,8959
33594,1388,-860,8953
33615,1376,-892,8901
33636,1380,-980,8881
33657,1300,-1016,8875
33679,1404,-888,8841
33700,1292,-908,8830
33722,1380,-948,8780
33742,1396,-884,8786
33764,1396,-968,8742
33785,1368,-872,8715
33807,1304,-968,8691
33827,1292,-864,8692
33849,1364,-924,8646
33907,1332,-1012,8574
33929,1284,-1096,8546
33949,1316,-824,8531
33971,1456,-980,8505
33992,1316,-952,8501
34014,1384,-816,8465
34037,1416,-844,8421
34059,1320,-984,8386
34080,1472,-968,8381
34102,1344,-980,8340
34123,1312,-912,8314
34144,1324,-812,8254
34165,1348,-828,8240
34187,1468,-892,8204
34208,1424,-848,8155
34229,1368,-952,8147
34250,1280,-824,8112
34272,1388,-904,8080
34293,1452,-836,8045
34314,1424,-792,8004
34373,1380,-828,7911
34395,1284,-836,7846
34415,1288,-920,7810
34437,1352,-884,7801
34458,1368,-868,7765
34480,1316,-696,7709
34500,1248,-744,7690
34522,1412,-788,7635
34543,1376,-860,7618
34568,1328,-860,7561
34589,1280,-692,7553
34611,1272,-764,7500
34643,1204,-892,7440
34665,1296,-744,7441
34685,1256,-640,7372
34707,1264,-884,7354
34728,1296,-852,7304
34750,1348,-836,7282
34770,1240,-792,7256
34792,1300,-736,7212
34851,1392,-812,7147
34872,1292,-808,7101
34893,1272,-620,7073
34915,1256,-680,7060
34936,1236,-864,7032
34957,1268,-820,7025
34978,1332,-696,7006
35000,1272,-740,6966
35021,1196,-796,6981
35042,1268,-804,6934
35063,1276,-660,6899
35085,1272,-640,6902
35105,1284,-728,6884
35130,1252,-756,6851
35151,1280,-804,6814
35173,1224,-680,6798
35193,1224,-792,6790
35215,1380,-736,6794
35236,1308,-700,6735
35258,1136,-556,6708
35316,1340,-688,6640
35338,1232,-672,6621
35359,1244,-756,6586
35380,1332,-764,6555
35401,1296,-752,6559
35423,1408,-748,6513
35444,1324,-724,6489
35465,1264,-656,6440
35486,1240,-748,6438
35508,1216,-616,6408
35529,1252,-588,6384
35550,1264,-676,6358
35571,1268,-752,6320
35593,1296,-732,6295
35614,1368,-648,6259
35635,1156,-580,6251
35659,1156,-596,6197
35681,1292,-564,6197
35702,1296,-636,6157
35724,1316,-660,6138
35782,1272,-640,6055
35804,1348,-556,6027
35825,1388,-652,6035
35846,1204,-664,6005
35879,1296,-668,5964
35900,1292,-592,5934
35921,1360,-556,5890
35943,1232,-688,5882
35964,1352,-680,5852
35985,1320,-736,5813
36006,1272,-652,5801
36028,1180,-460,5779
36049,1232,-456,5759
36071,1168,-500,5746
36091,1296,-736,5690
36113,1376,-664,5683
36134,1364,-564,5627
36156,1360,-500,5575
36176,1256,-504,5582
36201,1268,-624,5542
36259,1404,-652,5438
36281,1336,-516,5400
36302,1268,-524,5378
36323,1328,-568,5346
36344,1280,-556,5314
36366,1268,-688,5295
36387,1172,-564,5250
36408,1352,-520,5225
36429,1336,-472,5179
36451,1280,-548,5142
36472,1240,-476,5120
36493,1280,-440,5105
36514,1292,-512,5048
36536,1364,-528,5039
36557,1376,-544,4986
36578,1352,-524,4974
36599,1316,-532,4927
36621,1360,-460,4902
36642,1272,-520,4865
36663,1240,-532,4833
36722,1308,-520,4742
36743,1232,-460,4701
36767,1268,-476,4675
36789,1344,-548,4644
36810,1372,-452,4604
36832,1324,-468,4582
36852,1256,-516,4555
36874,1292,-456,4500
36895,1388,-544,4505
36917,1300,-508,4443
,1300,-508,4422
36962,1212,-556,4375
36983,1364,-440,4341
37005,1264,-476,4322
37025,1320,-504,4291
37047,1276,-568,4258
37080,1364,-512,4195
37101,1304,-476,4161
37123,1332,-436,4130
37144,1256,-496,4104
37202,1368,-440,4034
37224,1404,-508,3992
37244,1344,-352,3950
37266,1372,-428,3931
37287,1480,-396,3889
37309,1248,-556,3862
37334,1276,-432,3819
37354,1264,-392,3790
37376,1376,-396,3750
37397,1388,-484,3732
37419,1292,-480,3705
37439,1280,-392,3669
37460,1316,-480,3632
37482,1328,-416,3607
37504,1216,-472,3587
37524,1388,-424,3542
37545,1348,-500,3520
37567,1336,-436,3504
37587,1260,-428,3457
37609,1372,-520,3426
37668,1268,-512,3325
37689,1324,-456,3294
37710,1276,-388,3261
37732,1312,-384,3228
37752,1300,-412,3205
37774,1428,-332,3184
37795,1340,-436,3134
37817,1392,-360,3102
37837,1344,-376,3077
37862,1328,-456,3045
37883,1284,-380,3027
37905,1400,-508,2986
37925,1336,-424,2972
37947,1244,-312,2939
37968,1368,-436,2934
37990,1436,-396,2886
38010,1412,-404,2855
38032,1352,-380,2841
38053,1396,-392,2789
38075,1392,-460,2773
38133,1304,-320,2689
38155,1364,-452,2686
38176,1276,-492,2662
38197,1248,-436,2632
38218,1292,-292,2629
38240,1428,-408,2591
38261,1404,-464,2572
38282,1448,-388,2534
38316,1368,-472,2499
38337,1288,-300,2479
38358,1352,-440,2468
38379,1332,-448,2452
38401,1388,-440,2428
38420,1332,-428,2386
38440,1392,-236,2386
38462,1416,-568,2330
38483,1244,-424,2336
38505,1256,-332,2308
38525,1336,-304,2294
38547,1324,-444,2255
38606,1208,-272,2180
38627,1316,-420,2175
38648,1392,-496,2137
38670,1376,-468,2114
38691,1348,-368,2093
38712,1308,-388,2076
38733,1396,-484,2044
38755,1424,-432,2045
38776,1308,-480,1990
38798,1364,-472,1982
38818,1284,-356,1934
38840,1324,-396,1939
38861,1336,-444,1910
38883,1408,-428,1893
38903,1384,-264,1858
38925,1224,-424,1823
38949,1420,-380,1804
38971,1304,-416,1787
38991,1404,-312,1767
39013,1416,-408,1723
39072,1388,-444,1667
39094,1384,-412,1641
39114,1468,-404,1614
39136,1348,-460,1566
39157,1336,-432,1564
39179,1312,-412,1539
39199,1312,-416,1518
39221,1308,-360,1489
39242,1424,-332,1446
39264,1392,-452,1440
39284,1416,-432,1426
39306,1380,-380,1379
39327,1320,-384,1383
39349,1368,-372,1342
39370,1452,-460,1307
39391,1348,-356,1286
39412,1512,-488,1253
39434,1384,-360,1237
39455,1452,-384,1219
39480,1328,-428,1178
39538,1396,-356,1122
39571,1340,-424,1087
39592,1336,-360,1052
39614,1472,-408,1049
39635,1420,-432,1009
39656,1316,-332,1006
39677,1288,-432,955
39699,1324,-408,935
39720,1340,-372,903
39741,1312,-420,899
39762,1280,-408,875
39784,1384,-424,836
39805,1384,-388,835
39826,1380,-348,792
39847,1388,-488,798
39869,1380,-340,755
39890,1384,-420,723
39911,1352,-460,728
39932,1344,-416,680
39954,1360,-400,666
40012,1328,-448,601
40034,1432,-432,590
40054,1544,-308,563
40079,1368,-496,545
40100,1216,-300,516
40121,1496,-340,498
40142,1424,-380,482
40164,1400,-392,474
40185,1300,-408,452
40206,1440,-496,441
40227,1400,-380,398
40249,1376,-276,392
40269,1388,-404,345
40291,1412,-504,343
40312,1452,-516,323
40334,1464,-296,296
40354,1380,-336,294
40376,1364,-412,265
40397,1456,-500,225
40418,1352,-404,219
40477,1296,-532,190
40498,1484,-412,152
40519,1364,-380,141
40541,1252,-360,143
40561,1304,-484,102
40583,1404,-416,112
40604,1332,-352,78
40626,1376,-352,56
40644,1400,-396,45
40666,1388,-480,46
40687,1340,-412,67
40708,1416,-436,46
40729,1372,-368,55
40762,1320,-400,61
40783,1392,-404,62
40805,1392,-360,65
40825,1324,-420,44
40847,1424,-360,87
40868,1352,-404,67
40889,1364,-416,77
40948,1276,-320,68
40969,1368,-376,44
40990,1352,-384,66
41012,1296,-400,87
41032,1352,-388,60
41054,1312,-404,57
41075,1292,-380,59
41096,1220,-468,57
41117,1368,-408,67
41139,1280,-328,87
41159,1300,-440,87
41181,1448,-388,75
41202,1380,-484,82
41230,1312,-420,67
41251,1432,-404,53
41273,1276,-368,49
41294,1356,-440,94
41315,1308,-416,68
41336,1352,-388,64
41358,1388,-456,52
41416,1356,-348,58
41438,1424,-424,79
41458,1392,-408,58
41480,1392,-324,68
41501,1360,-328,72
41522,1380,-396,77
41543,1252,-428,75
41565,1440,-380,45
41585,1352,-380,70
41607,1300,-468,73
41628,1260,-472,52
41649,1260,-432,82
41670,1404,-416,52
41692,1364,-468,49
41712,1352,-400,73
41734,1308,-392,64
41755,1340,-364,57
41777,1280,-564,51
41797,1396,-436,52
41822,1424,-348,84
41880,1224,-352,62
41902,1384,-456,29
41923,1376,-332,38
41944,1256,-416,54
41965,1256,-504,43
41987,1308,-332,67
42019,1316,-280,57
42041,1316,-364,69
42061,1348,-364,75
42083,1428,-376,68
42104,1324,-484,74
42126,1352,-420,48
42146,1384,-396,54
42168,1524,-240,52
42189,1404,-216,38
42210,1304,-484,87
42231,1316,-376,53
42253,1468,-476,57
42273,1260,-392,41
42295,1340,-348,48
42353,1424,-420,79
42375,1436,-360,88
42396,1332,-404,77
42417,1248,-368,50
42441,1316,-380,58
42463,1440,-464,62
42483,1340,-376,74
42505,1260,-256,33
42526,1272,-344,71
42548,1424,-348,56
42568,1392,-528,81
42590,1308,-440,57
42611,1320,-408,66
42632,1356,-316,79
42653,1416,-368,57
42675,1304,-444,57
42695,1352,-564,58
42717,1324,-368,59
42738,1384,-204,42
42759,1384,-376,69
42818,1524,-436,60
42839,1264,-284,53
42860,1348,-300,61
42882,1340,-472,68
42902,1416,-548,35
42924,1328,-476,50
42945,1380,-288,43
42967,1244,-148,76
42987,1452,-300,95
43009,1440,-764,95
43033,1304,-316,78
43054,1316,-240,74
43075,1432,-296,77
43097,1352,-568,75
43118,1364,-500,59
43139,1292,-468,54
43160,1248,-296,67
43182,1560,-288,71
43214,1376,-512,60
43236,1264,-360,76
43293,1368,-484,61
43315,1592,-520,44
43336,1216,-148,69
43357,1168,-228,115
43378,1404,-672,104
43400,1392,-708,123
43420,1344,-600,122
43442,1288,-416,108
43463,1408,-312,135
43484,1372,-512,122
43505,1364,-592,103
43527,1380,-628,93
43548,1220,-236,63
43569,1476,-116,76
43590,1368,-396,88
43615,1364,-448,74
43635,1304,-712,90
43657,1352,-592,54
43678,1424,-576,58
43699,1340,-628,58
43758,1440,-552,11
43779,1312,-660,38
43800,1316,-916,3
43822,1252,-612,74
43842,1308,-612,67
43864,1384,-616,79
43885,1172,-520,84
43906,1392,-464,67
43927,1244,-384,50
43949,1304,-484,22
43969,1272,-360,36
43991,1268,-452,26
44012,1344,-320,27
44034,1264,-460,47
44054,1224,-640,56
44076,1336,-628,84
44097,1232,-312,101
44118,972,-532,117
44139,1036,-660,120
44161,1164,-516,126
44219,928,1980,198
44243,952,-332,190
44264,2004,-104,200
44285,1408,-480,221
44307,1204,-544,225
44327,1008,-444,234
44349,1428,-508,236
44370,1236,-796,216
44391,1588,-388,191
44412,1404,-888,114
44445,1508,-12,96
44467,1384,184,132
44488,1440,-640,111
44536,1388,-432,77
44560,1408,-408,56
44581,1296,-320,50
44602,1304,-508,54
44623,1392,-328,78
44645,1368,-392,53
44665,1312,-512,48
44725,1256,-492,68
44745,1388,-396,65
44767,1416,-440,41
44788,888,-364,34
44810,1016,-132,26
44830,1216,-372,37
44855,1228,-124,-1
44876,1340,-440,39
44897,1584,-716,5
44918,1196,-596,12
44940,1392,-184,4
44960,1204,-280,15
44982,1336,-348,3
45003,1404,-468,29
45024,1468,-344,47
45045,1392,-344,42
45067,1276,-456,73
45087,1340,-368,63
45109,1068,76,86
45130,1324,-340,84
45189,1396,-464,42
45209,1260,-288,50
45231,1204,-304,72
45251,1364,-292,67
45273,1424,-464,86
45294,1224,-484,67
45315,1332,-220,65
45336,1292,-244,68
45358,1392,-428,61
45378,1256,-432,67
45400,1392,-508,41
45421,1324,-480,72
45446,1280,-244,48
45466,1236,-244,66
45488,1232,-372,63
45509,1384,-576,74
45530,1400,-400,52
45551,1116,-208,43
45573,1448,-248,80
45593,1420,-412,16
45652,1564,-324,43
45719,1424,-628,115
45742,1280,-496,136
45762,1188,-436,158
45784,1376,-768,174
45805,1304,-224,185
45826,1420,-468,162
45847,1188,-248,173
45869,1816,-284,155
45890,968,-508,204
45911,960,-348,215
45932,1268,-236,238
45954,1376,-228,230
45974,1228,-144,243
45996,1248,-372,231
46017,1052,-360,265
46038,1392,-392,300
46071,1280,-616,367
46134,1168,-632,709
46157,1364,-620,824
46181,1040,-340,887
46204,1120,-628,907
46228,1052,-348,906
46252,1156,-520,928
46276,1616,-480,982
46300,1252,-652,1039
50126,1548,8,125
50150,1572,-136,75
50173,1144,-340,50
50197,1528,-752,-10
50221,1264,-464,-11
50244,1316,-256,-23
50268,1264,-436,24
50291,1516,120,22
50314,980,-124,35
50337,1140,-420,57
50361,460,-144,165
50384,1472,-1364,167
50447,1176,-400,218
50470,1308,112,231
50494,1244,-480,195
52029,1328,-348,80
52056,1380,-160,63
52079,1364,-308,76
