time,AcX,AcY,GyZ
1053,136,-624,64
1075,124,-444,62
1095,-72,-240,31
1117,96,-604,55
1138,-88,-368,83
1159,68,-508,38
1180,32,-552,76
1969,136,-756,63
1990,76,-448,68
2011,88,-568,71
2032,48,-360,66
2053,108,-124,51
2074,124,-772,35
2095,-4,-708,78
2116,16,-1300,5
2137,864,-3124,137
2158,128,72,67
2179,-24,-200,9
2200,268,-1072,54
2263,100,-608,67
2284,-168,-620,90
2313,208,-500,87
2334,192,-548,62
2355,72,-636,43
2376,48,-800,86
2397,296,-704,91
2418,112,-572,67
2440,48,-840,44
2460,-84,-796,56
2479,-48,-1144,75
2500,-200,-480,54
2522,416,-1532,126
2542,2536,-488,-74
2564,888,-680,-66
2584,108,-916,49
2606,380,-684,86
2627,168,-332,61
2648,348,-724,36
2669,116,-916,82
2690,132,-636,97
2747,92,-728,51
2768,52,-824,66
2789,204,-680,58
2810,268,-736,63
2831,168,-640,75
2852,72,-664,65
2874,160,-804,68
2894,220,-800,53
2916,144,-452,70
2936,88,-536,72
2958,104,-744,90
7111,492,-1272,409
7133,420,-692,401
7972,-52,-904,-238
7994,-212,-1088,-233
8014,48,-1112,-187
8039,92,-1048,-155
8100,432,-372,-52
8121,276,-304,-9
8142,0,-1452,2
11162,-1112,5256,12
11227,0,-1148,60
11248,92,-804,69
11269,-4,-852,72
11290,-116,-944,56
11311,-148,-1012,36
11332,100,-992,16
11354,152,-1244,-23
11374,36,-1108,-16
11396,36,-1020,7
11417,16,-876,7
11438,48,-904,23
11459,-4,-940,16
11480,180,-948,19
11501,160,-696,10
11530,-48,-700,2
11551,-12,-636,33
11572,-104,-676,-19
11593,-64,-636,13
11614,-84,-860,11
11635,84,-696,27
11657,108,-728,20
11713,-176,-780,73
11738,104,-660,29
11759,168,-724,53
11780,204,-868,58
11801,80,-656,72
11822,-20,-456,51
11843,28,-640,50
11865,124,-764,75
11885,-8,-532,68
11907,48,-612,56
11927,104,-612,46
11949,120,-620,68
11970,116,-672,72
11991,4,-732,58
12012,72,-576,37
12033,168,-616,65
12054,-40,-664,52
12075,4,-616,65
12096,108,-700,76
12116,-24,-680,66
12138,80,-564,70
12195,-20,-560,66
12216,-24,-596,69
12237,20,-672,56
12258,108,-680,70
12279,92,-632,44
12300,84,-696,53
12321,-32,-672,54
12343,-16,-676,65
12366,-40,-556,65
12388,112,-668,46
12408,108,-692,60
12430,32,-640,78
12451,12,-588,53
12472,80,-708,59
12493,12,-648,64
12514,8,-560,59
12535,-8,-628,64
12556,136,-680,63
12577,100,-624,66
12599,-28,-712,68
12619,-60,-640,59
12677,100,-756,38
12698,84,-340,-9
12719,-32,-600,7
12740,-60,-708,-12
12769,412,-764,-24
12790,696,-340,-234
12811,776,-416,-604
12832,1396,-508,-1256
12854,1376,-772,-2077
12874,1600,-808,-2943
12896,1548,-844,-3842
12917,1888,-500,-4805
12939,1616,-380,-5797
12962,1688,-980,-6968
12984,1800,-1236,-7962
13005,2088,-1000,-8999
13027,2244,-792,-10127
13048,2272,-1084,-11366
13069,2300,-1360,-12711
13090,2780,-1152,-14180
13112,2708,-1856,-15705
13169,2732,-2200,-19848
13191,2560,-2544,-21433
13212,2584,-2988,-22947
13234,2908,-3584,-24347
13255,3392,-3604,-26002
13276,3064,-3896,-27602
13297,2780,-4248,-29214
13319,2892,-5004,-30715
13340,3252,-5128,-32196
13362,3616,-5896,-32768
13383,3504,-6328,-32768
13404,2772,-7172,-32768
13425,1840,-8564,-32768
13450,636,-8096,-32768
13471,988,-7284,-32768
13493,256,-6996,-32768
13513,236,-7136,-32768
13535,84,-8056,-32768
13556,532,-8392,-32768
13578,484,-7940,-32768
13598,452,-7668,-32768
13656,168,-7892,-32768
13677,16,-7960,-32768
13699,216,-7668,-32768
13720,308,-7476,-32768
13741,304,-7644,-32768
13762,444,-7696,-32768
13784,452,-7596,-32768
13805,468,-7656,-32768
13827,220,-7504,-32768
13847,44,-7480,-32768
13869,16,-7540,-32768
13890,92,-7452,-32768
13912,292,-7484,-32768
13936,164,-7540,-32768
13965,-36,-7392,-32768
13986,124,-7420,-32768
14008,-60,-7268,-32768
14029,40,-7116,-32768
14050,-180,-7228,-32768
14071,-40,-7224,-32768
14093,4,-7276,-32768
14150,36,-7072,-32768
14172,24,-7060,-32768
14193,72,-6924,-32768
14214,-20,-6732,-32768
14235,-340,-6788,-32768
14257,-68,-6896,-32768
14278,84,-6708,-32768
14300,92,-6736,-32768
14320,96,-6652,-32768
14342,20,-6440,-32768
14363,164,-6488,-32768
14385,208,-6540,-32768
14405,204,-6408,-32768
14427,24,-6492,-32768
14451,184,-6492,-32768
14473,196,-6472,-32768
14494,424,-6284,-32768
14516,452,-6292,-32768
14536,332,-6296,-32768
14558,252,-6328,-32768
14579,172,-6188,-32768
14637,364,-6184,-32768
14658,332,-6124,-32768
14680,312,-6188,-32768
14700,224,-6012,-32768
14722,208,-6048,-32768
14743,252,-6060,-32768
14765,272,-6040,-32768
14786,244,-5900,-32768
14807,148,-5968,-32768
14828,172,-5864,-32768
14850,160,-5872,-32768
14871,320,-5800,-32768
14893,292,-5848,-32768
14914,404,-5792,-32768
14938,340,-5732,-32768
14959,336,-5944,-32768
14981,232,-5924,-32768
15002,268,-5852,-32768
15024,232,-5768,-32768
15044,224,-5692,-32768
15066,232,-5588,-32768
15124,228,-5780,-32768
15145,308,-5784,-32768
15166,172,-5604,-32768
15187,108,-5712,-32768
15218,276,-5628,-32768
15240,164,-5548,-32768
15261,208,-5708,-32768
15283,24,-5816,-32665
15304,-16,-5816,-32589
15326,12,-5488,-32514
15346,132,-5424,-32393
15368,-56,-5496,-32295
15389,100,-5672,-32196
15411,-52,-5468,-32075
15432,32,-5388,-31940
15457,48,-5376,-31835
15477,-4,-5476,-31701
15499,-124,-5448,-31593
15520,-92,-5292,-31457
15542,28,-5204,-31314
15563,128,-5232,-31200
15622,-200,-5244,-30875
15643,44,-5232,-30747
15665,12,-5108,-30628
15686,116,-5128,-30522
15707,-48,-5068,-30431
15728,140,-5012,-30355
15750,112,-5248,-30230
15771,156,-5064,-30169
15792,236,-4872,-30070
15813,-24,-4884,-29986
15835,120,-4912,-29899
15856,72,-4952,-29829
15878,180,-4876,-29786
15898,116,-4832,-29691
15920,184,-4596,-29620
15944,132,-4852,-29560
15966,296,-4940,-29527
15987,196,-4816,-29455
16008,212,-4724,-29399
16029,100,-4660,-29347
16051,188,-4580,-29272
16116,156,-4616,-29128
16137,60,-4696,-29074
16158,64,-4532,-28978
16180,248,-4548,-28976
16201,196,-4608,-28956
16222,276,-4588,-28898
16243,136,-4544,-28861
16265,300,-4548,-28792
16286,220,-4468,-28756
16308,308,-4440,-28725
16328,380,-4624,-28698
16350,300,-4552,-28662
16371,140,-4380,-28644
16393,188,-4420,-28620
16414,60,-4456,-28552
16443,348,-4360,-28520
16467,256,-4428,-28495
16489,148,-4416,-28470
16510,164,-4400,-28447
16531,48,-4464,-28412
16552,164,-4388,-28389
16610,184,-4336,-28305
16631,228,-4240,-28239
16653,216,-4396,-28230
16674,168,-4304,-28189
16695,204,-4280,-28127
16716,160,-4184,-28079
16738,120,-4372,-28025
16759,80,-4288,-27975
16781,92,-4272,-27933
16801,136,-4268,-27845
16823,172,-4260,-27805
16844,12,-4264,-27717
16866,-28,-4232,-27632
16887,108,-4224,-27535
16908,-60,-4168,-27436
16929,-16,-4128,-27355
16954,-28,-4200,-27227
16975,68,-4060,-27154
16997,-124,-4024,-27068
17017,-168,-3964,-26955
17039,36,-4020,-26879
17097,-112,-4044,-26598
17118,-108,-4096,-26434
17139,-76,-3812,-26336
17161,36,-3832,-26223
17182,-48,-3952,-26114
17204,40,-3860,-26005
17224,-64,-3836,-25899
17246,-72,-3736,-25790
17267,-8,-3816,-25685
17289,36,-3664,-25564
17309,-40,-3784,-25492
17331,-112,-3812,-25369
17352,20,-3604,-25250
17374,64,-3564,-25189
17395,20,-3768,-25086
17416,180,-3624,-25000
17437,-4,-3656,-24937
17462,76,-3540,-24835
17483,12,-3668,-24770
17505,64,-3760,-24701
17525,120,-3464,-24625
17584,148,-3620,-24443
17604,-88,-3636,-24403
17626,76,-3492,-24339
17647,104,-3272,-24274
17676,160,-3332,-24177
17697,176,-3512,-24130
17719,16,-3404,-24061
17740,56,-3296,-24007
17762,216,-3296,-23964
17782,176,-3308,-23908
17804,104,-3316,-23820
17825,72,-3464,-23786
17847,172,-3308,-23713
17868,224,-3240,-23673
17889,176,-3204,-23628
17910,132,-3320,-23557
17932,8,-3232,-23510
17956,152,-3176,-23425
17978,136,-3196,-23362
17998,196,-3180,-23348
18020,216,-3096,-23300
18077,200,-3020,-23157
18099,212,-3088,-23104
18120,164,-3012,-23038
18142,92,-3132,-23025
18162,120,-3008,-22974
18184,68,-3116,-22907
18205,40,-3000,-22903
18227,148,-2996,-22859
18247,156,-3016,-22831
18269,140,-2984,-22770
18290,268,-3024,-22771
18312,248,-3028,-22762
18333,24,-3076,-22724
18354,224,-3024,-22696
18375,140,-2940,-22703
18397,84,-2952,-22670
18418,136,-3028,-22644
18439,84,-2908,-22627
18463,172,-2932,-22581
18485,196,-2976,-22584
18506,140,-2928,-22550
18564,48,-2992,-22497
18585,152,-2944,-22481
18606,212,-2928,-22429
18627,20,-2832,-22400
18649,-160,-2904,-22376
18670,96,-2996,-22354
18692,-76,-2772,-22342
18712,96,-2808,-22333
18734,-32,-2960,-22258
18755,84,-2928,-22218
18777,52,-2980,-22185
18797,92,-2816,-22138
18819,-84,-2956,-22094
18840,-36,-2784,-22055
18862,-88,-2828,-21978
18890,20,-2844,-21899
18912,132,-2880,-21827
18933,-100,-2812,-21772
18958,-180,-2776,-21677
18979,-136,-2848,-21613
19000,72,-2756,-21520
19058,-60,-2848,-21311
19080,-24,-2856,-21221
19100,-24,-2636,-21150
19122,48,-2636,-21056
19143,32,-2788,-20979
19165,-152,-2736,-20887
19186,-160,-2664,-20785
19208,-16,-2668,-20747
19228,100,-2584,-20657
19250,-32,-2608,-20576
19271,-40,-2648,-20472
19293,-164,-2616,-20385
19314,-40,-2468,-20299
19336,-12,-2516,-20196
19356,28,-2676,-20128
19378,-44,-2544,-20050
19399,-32,-2544,-20005
19421,24,-2520,-19924
19442,60,-2508,-19837
19466,-36,-2540,-19763
19487,8,-2520,-19704
19545,132,-2424,-19521
19566,20,-2572,-19485
19588,4,-2408,-19394
19608,-84,-2388,-19324
19630,-40,-2476,-19249
19651,68,-2444,-19201
19673,12,-2400,-19147
19693,176,-2276,-19120
19715,132,-2304,-19059
19736,-16,-2392,-19027
19758,-40,-2368,-18960
19778,24,-2392,-18912
19800,48,-2208,-18872
19821,128,-2416,-18837
19843,44,-2312,-18794
19863,128,-2180,-18776
19885,64,-2332,-18708
19906,64,-2236,-18668
19928,72,-2200,-18634
19949,244,-2284,-18567
19973,-52,-2212,-18498
20031,256,-2272,-18399
20052,148,-2248,-18384
20073,40,-2364,-18312
20094,48,-2212,-18265
20124,196,-2168,-18195
20146,72,-2092,-18143
20166,76,-2048,-18101
20188,-28,-2124,-18034
20209,132,-2192,-18001
20231,84,-2060,-17941
20251,144,-2056,-17883
20273,132,-2028,-17841
20294,156,-2016,-17766
20316,40,-2124,-17699
20337,64,-2036,-17671
20359,164,-1952,-17619
20379,-16,-2048,-17572
20401,172,-2084,-17499
20422,80,-2048,-17460
20444,76,-1932,-17387
20468,124,-1992,-17333
20526,-4,-1980,-17200
20547,104,-1952,-17158
20569,136,-1968,-17116
20590,88,-1924,-17060
20611,200,-1904,-17001
20632,176,-1808,-16974
20654,148,-1784,-16942
20675,116,-1844,-16907
20697,144,-1888,-16868
20717,28,-1856,-16814
20739,-28,-1908,-16767
20760,16,-1796,-16720
20782,100,-1732,-16661
20802,148,-1756,-16601
20824,16,-1788,-16574
20845,92,-1700,-16513
20867,-40,-1808,-16483
20888,-36,-1772,-16451
20909,32,-1768,-16405
20930,136,-1904,-16372
20952,92,-1788,-16358
21012,80,-1756,-16272
21033,16,-1780,-16220
21055,48,-1760,-16203
21076,32,-1812,-16157
21097,120,-1868,-16124
21118,72,-1656,-16093
21140,-68,-1792,-16066
21161,52,-1856,-16030
21182,24,-1772,-15996
21203,192,-1548,-15957
21225,-24,-1732,-15947
21246,-4,-1732,-15891
21268,-48,-1868,-15843
21289,-20,-1864,-15820
21310,36,-1684,-15780
21344,-24,-1732,-15700
21364,-120,-1776,-15658
,24,-1732,-15631
21410,-56,-1736,-15555
21432,-64,-1696,-15521
21453,-16,-1572,-15489
21511,-88,-1592,-15333
21535,-32,-1716,-15265
21556,-16,-1672,-15202
21577,-16,-1628,-15168
21599,20,-1624,-15108
21620,-76,-1656,-15049
21642,-92,-1604,-14991
21662,-16,-1656,-14956
21684,84,-1632,-14902
21705,-8,-1596,-14863
21727,-100,-1572,-14808
21748,-60,-1756,-14743
21769,-28,-1604,-14707
21790,-164,-1580,-14665
21812,-204,-1620,-14602
21833,12,-1644,-14518
21855,4,-1668,-14500
21875,-64,-1644,-14456
21897,88,-1712,-14389
21918,-20,-1548,-14349
21940,24,-1688,-14306
21997,-136,-1500,-14184
22019,-152,-1592,-14128
22037,0,-1496,-14083
22059,-32,-1572,-14043
22080,92,-1540,-13995
22102,-140,-1584,-13951
22123,-180,-1492,-13890
22145,-152,-1568,-13840
22165,8,-1556,-13743
22187,104,-1456,-13713
22208,-112,-1588,-13650
22230,68,-1508,-13639
22251,-20,-1428,-13581
22273,48,-1580,-13560
22293,-36,-1504,-13486
22315,32,-1420,-13472
22336,-64,-1524,-13424
22358,56,-1512,-13417
22379,96,-1412,-13369
22400,96,-1480,-13337
22421,76,-1436,-13300
22478,32,-1380,-13225
22500,96,-1376,-13181
22550,-68,-1512,-13101
22595,104,-1512,-13018
22639,128,-1392,-12982
22691,48,-1324,-12885
22735,60,-1452,-12826
22780,36,-1364,-12758
22823,160,-1364,-12742
22859,12,-1348,-12682
22881,76,-1308,-12669
22902,64,-1420,-12628
22924,192,-1444,-12622
22944,120,-1376,-12597
22966,192,-1228,-12552
22987,100,-1312,-12553
23009,184,-1388,-12536
23030,132,-1328,-12497
23051,124,-1336,-12483
23072,72,-1364,-12464
23094,84,-1388,-12441
23151,164,-1324,-12348
23173,192,-1316,-12349
23194,140,-1288,-12311
23219,120,-1220,-12312
23240,44,-1236,-12292
23261,248,-1244,-12258
23282,192,-1280,-12244
23304,84,-1312,-12226
,172,-1268,-12221
23349,68,-1160,-12189
23370,184,-1216,-12160
23392,132,-1168,-12152
23413,200,-1260,-12155
23434,104,-1344,-12128
23455,104,-1244,-12107
23477,200,-1128,-12089
23498,128,-1288,-12061
23520,192,-1132,-12068
23540,84,-1232,-12075
23562,76,-1164,-12043
23583,108,-1228,-12030
23641,76,-1116,-11995
23683,52,-1116,-11963
23704,240,-1156,-11940
,172,-1208,-11925
23752,120,-1184,-11925
23774,184,-1304,-11861
23795,108,-1252,-11883
23816,128,-1112,-11863
23837,40,-1084,-11833
23859,132,-1204,-11821
23880,192,-1272,-11809
23902,104,-1156,-11784
23922,96,-1120,-11762
23944,144,-1048,-11740
23965,44,-1156,-11716
23987,116,-1184,-11715
24023,96,-1188,-11677
24044,12,-1132,-11671
24066,92,-1200,-11674
24086,88,-1136,-11643
24108,-40,-1108,-11650
24166,140,-1268,-11580
24187,156,-1168,-11595
24209,100,-1120,-11557
24230,-56,-1128,-11548
24251,-32,-1084,-11523
24275,-8,-1240,-11503
24297,64,-1108,-11470
24318,100,-1148,-11456
24340,108,-1104,-11428
24360,128,-1116,-11431
24382,148,-1024,-11409
24403,64,-1124,-11389
24425,96,-1028,-11374
24445,12,-1096,-11356
24467,56,-1148,-11335
24488,108,-1072,-11301
24510,120,-1060,-11296
24530,36,-1044,-11252
24552,64,-1048,-11256
24573,-84,-1180,-11217
24595,-52,-1068,-11215
24652,40,-1068,-11138
24673,20,-1076,-11146
24694,24,-1012,-11114
24716,32,-1140,-11077
24737,-20,-1200,-11078
24761,72,-1112,-11035
24782,44,-1048,-11013
24804,-104,-1148,-10977
24825,12,-1028,-10960
24847,-4,-1032,-10893
24867,-52,-1004,-10902
24889,56,-1088,-10858
24910,-64,-1072,-10815
24932,4,-1088,-10804
24952,-84,-960,-10746
24974,64,-1028,-10705
24995,16,-1036,-10693
25017,-32,-1044,-10609
25037,68,-1100,-10607
25059,-32,-1068,-10540
25080,-52,-1032,-10505
25138,-116,-976,-10411
25159,-136,-1068,-10359
25181,-12,-1076,-10334
25201,-40,-1008,-10266
25223,-36,-1056,-10214
25244,-76,-1064,-10194
25276,4,-992,-10080
25297,92,-1032,-10078
25319,-36,-1012,-10030
25340,0,-1064,-9980
25361,-164,-1104,-9937
25382,-16,-1076,-9902
25404,-40,-1036,-9854
25425,-72,-1008,-9793
25446,12,-1076,-9756
25467,36,-1004,-9688
25489,72,-1092,-9663
25510,-168,-956,-9588
25531,-64,-1072,-9551
25552,32,-996,-9501
25574,-12,-1008,-9452
25631,-40,-1004,-9344
25653,-244,-1040,-9298
25674,-108,-916,-9250
25695,48,-792,-9195
25716,-40,-1068,-9152
25738,-88,-996,-9125
25758,-136,-860,-9038
25780,-8,-1028,-9028
25804,4,-892,-8965
25826,-48,-1036,-8923
25846,28,-932,-8871
25868,-24,-936,-8841
25889,-64,-888,-8816
25910,-36,-916,-8770
25931,-16,-948,-8758
25953,28,-928,-8713
25974,-116,-924,-8664
25995,-176,-932,-8599
26016,-164,-924,-8569
26038,-72,-1012,-8525
26059,-12,-960,-8483
26116,-16,-880,-8331
26137,-36,-952,-8312
26159,60,-976,-8242
26180,-44,-992,-8219
26201,80,-964,-8166
26222,88,-932,-8143
26243,-144,-768,-8080
26264,-40,-864,-8076
26286,12,-848,-8045
26307,-44,-956,-7990
26332,-28,-1032,-7976
26352,28,-908,-7921
26374,20,-828,-7884
26395,-4,-868,-7860
26416,-4,-864,-7834
26437,-20,-928,-7800
26467,-80,-808,-7731
26487,-48,-900,-7687
26509,56,-840,-7677
26530,24,-832,-7636
26551,56,-916,-7610
26609,44,-824,-7541
26630,-28,-904,-7506
26651,0,-848,-7516
26673,32,-912,-7454
26694,-124,-868,-7460
26715,16,-872,-7411
26736,104,-880,-7413
26758,116,-864,-7407
26778,28,-960,-7375
26800,92,-816,-7368
26821,84,-856,-7337
26843,32,-952,-7323
26863,-56,-872,-7284
26888,-160,-884,-7222
26909,-24,-876,-7210
26931,140,-888,-7175
26951,12,-788,-7151
26973,44,-856,-7129
26994,152,-860,-7111
27016,40,-888,-7077
27036,112,-900,-7073
27094,96,-756,-6991
27115,16,-768,-7005
27137,84,-780,-6970
27157,124,-860,-6935
27179,8,-916,-6913
27200,64,-896,-6896
27220,4,-868,-6871
27242,60,-836,-6842
27264,88,-828,-6837
27284,40,-828,-6808
27305,104,-852,-6812
27327,96,-796,-6767
27347,48,-872,-6745
27369,36,-892,-6713
27390,16,-740,-6691
27411,100,-824,-6680
27436,68,-820,-6658
27457,120,-868,-6610
27479,32,-784,-6618
27499,96,-868,-6597
27521,100,-808,-6559
27579,140,-840,-6516
27599,-32,-796,-6487
27621,108,-916,-6458
27642,56,-868,-6447
27663,28,-712,-6403
27684,152,-764,-6395
27714,212,-732,-6376
27735,100,-804,-6351
27756,108,-732,-6314
27778,-8,-804,-6325
27798,84,-764,-6299
27820,40,-804,-6279
27841,116,-732,-6249
27863,172,-784,-6226
27883,168,-812,-6216
27905,104,-816,-6179
27926,56,-764,-6176
27947,56,-732,-6149
27968,40,-728,-6134
27993,96,-808,-6140
28013,80,-744,-6115
28071,0,-716,-6049
28092,-20,-704,-6049
28113,144,-792,-6015
28135,112,-800,-6004
28155,120,-800,-6004
28177,244,-652,-5984
28198,68,-832,-5952
28219,44,-832,-5963
28240,196,-756,-5952
28262,204,-756,-5952
28282,164,-764,-5935
28304,48,-836,-5910
28325,28,-656,-5870
28347,4,-580,-5870
28367,100,-760,-5856
28389,100,-744,-5818
28410,120,-728,-5802
28431,88,-800,-5814
28452,144,-724,-5764
28474,24,-616,-5734
28494,116,-708,-5733
28553,64,-696,-5660
28576,100,-636,-5655
28598,104,-700,-5623
28619,132,-748,-5593
28641,88,-636,-5580
28661,156,-716,-5552
28683,76,-700,-5549
28704,100,-728,-5508
28725,140,-676,-5469
28746,120,-712,-5444
28768,4,-680,-5437
28788,56,-696,-5400
28810,108,-640,-5356
28831,116,-716,-5338
28853,144,-780,-5309
28873,64,-696,-5271
28895,124,-672,-5265
28924,220,-624,-5214
28945,64,-712,-5195
28966,56,-632,-5147
28988,52,-696,-5120
29045,140,-604,-5048
29066,156,-700,-5036
29087,8,-752,-4977
29112,124,-776,-4947
29133,124,-644,-4892
29154,136,-668,-4897
29175,152,-772,-4844
29197,72,-740,-4826
29217,0,-652,-4804
29239,32,-644,-4768
29260,64,-664,-4728
29281,36,-664,-4701
29302,44,-584,-4663
29324,132,-636,-4642
29345,-4,-636,-4599
29366,112,-588,-4559
29387,44,-632,-4522
29409,176,-636,-4497
29429,176,-560,-4484
29451,120,-544,-4454
29472,104,-492,-4446
29530,16,-616,-4343
29551,112,-640,-4306
29572,120,-572,-4287
29593,56,-608,-4286
29615,4,-536,-4219
29635,-16,-592,-4188
29660,120,-640,-4169
29681,108,-552,-4142
29703,156,-592,-4103
29723,132,-540,-4079
29745,116,-564,-4046
29766,-8,-548,-4006
29788,-20,-576,-3977
29808,172,-624,-3961
29830,108,-632,-3924
29851,64,-548,-3902
29872,12,-600,-3894
29893,88,-628,-3869
29915,28,-608,-3841
29935,52,-560,-3812
29957,60,-552,-3791
30014,164,-492,-3695
30035,88,-536,-3682
30056,120,-580,-3637
30077,92,-548,-3612
30099,116,-496,-3565
30120,24,-616,-3536
30141,76,-588,-3514
30171,184,-600,-3468
30191,36,-628,-3458
30216,72,-588,-3394
30237,12,-544,-3396
30259,156,-548,-3349
30279,-4,-600,-3323
30301,148,-544,-3302
30322,40,-592,-3257
30344,12,-532,-3248
30364,-64,-584,-3206
30386,12,-568,-3180
30407,60,-580,-3160
30428,68,-504,-3132
30449,80,-624,-3123
30507,96,-564,-3042
30528,12,-572,-3006
30548,160,-528,-2981
30570,4,-480,-2958
30592,88,-560,-2915
30612,84,-552,-2921
30633,88,-476,-2919
30655,48,-528,-2869
30675,144,-624,-2833
30697,0,-488,-2823
30718,4,-496,-2800
30739,84,-564,-2777
30764,88,-516,-2742
30785,-20,-488,-2729
30806,-68,-628,-2683
30827,80,-484,-2658
30849,104,-552,-2646
30870,132,-484,-2631
30891,40,-524,-2560
30912,12,-532,-2560
30934,52,-584,-2501
30991,76,-556,-2428
31011,40,-524,-2431
31033,68,-492,-2405
31054,84,-564,-2375
31075,148,-572,-2324
31096,48,-536,-2326
31118,-12,-504,-2287
31138,100,-564,-2258
31160,44,-532,-2232
31181,40,-564,-2200
31202,108,-400,-2175
31223,44,-524,-2168
31245,-28,-452,-2103
31266,148,-520,-2087
31287,36,-496,-2069
31321,20,-464,-2020
31368,104,-508,-1968
31411,-32,-460,-1892
31468,-4,-560,-1847
31511,-60,-508,-1773
31556,84,-500,-1703
31637,-20,-456,-1652
31682,124,-520,-1593
31726,-4,-512,-1531
31757,-52,-512,-1496
31777,140,-500,-1480
31799,48,-504,-1455
31820,28,-568,-1410
31841,8,-488,-1407
31862,36,-484,-1381
31884,12,-512,-1361
31905,-44,-520,-1327
31926,48,-516,-1332
31947,28,-560,-1308
31969,-64,-500,-1280
31989,32,-460,-1250
32011,128,-492,-1240
32032,28,-508,-1214
32053,52,-384,-1204
32077,-16,-484,-1157
32099,48,-496,-1147
32119,-68,-488,-1118
32178,100,-480,-1067
32198,88,-388,-1026
32220,-92,-456,-1006
32241,44,-464,-999
32262,68,-548,-971
32283,12,-376,-939
32305,40,-448,-939
32325,92,-380,-898
32347,20,-492,-869
32367,76,-440,-862
32389,20,-444,-843
32410,32,-360,-837
32431,96,-432,-804
32452,24,-408,-794
32473,-36,-544,-745
32494,92,-520,-732
32516,-32,-560,-724
32536,-52,-524,-703
32558,68,-532,-666
32578,40,-448,-654
32600,20,-416,-637
32658,92,-404,-578
32683,36,-364,-560
32703,92,-464,-558
32724,-40,-360,-513
32746,84,-500,-501
32766,152,-472,-483
32788,40,-388,-472
32808,132,-576,-467
32838,-4,-544,-450
32860,44,-492,-404
32881,76,-524,-385
32902,64,-408,-362
32923,68,-496,-362
32945,108,-484,-350
32965,128,-536,-316
32987,-48,-576,-306
33008,60,-492,-292
33029,116,-488,-268
33050,132,-512,-273
33072,72,-460,-237
33092,-4,-432,-242
33150,12,-500,-203
33171,112,-560,-173
33192,-16,-480,-147
33214,72,-356,-158
33234,64,-504,-110
33259,96,-584,-95
33280,24,-468,-80
33301,32,-448,-97
33323,44,-436,-86
33343,96,-460,-28
33364,0,-492,-36
33385,48,-544,-24
33406,36,-452,-7
33427,-16,-500,-14
33448,104,-528,21
33469,12,-512,27
33490,-16,-492,46
33512,-20,-532,38
33532,48,-468,52
33554,72,-500,79
33574,92,-456,80
33633,20,-492,73
33653,144,-424,66
33675,48,-420,56
33696,-4,-456,66
33717,-4,-448,65
33738,188,-444,67
33759,48,-472,53
33780,-40,-428,91
33801,104,-520,60
33822,20,-452,90
33843,56,-404,52
33864,88,-508,63
33889,32,-476,41
33909,68,-436,41
33931,104,-464,72
33951,96,-536,67
33973,16,-464,75
33994,72,-420,79
34015,0,-480,53
34044,104,-464,56
34066,48,-504,75
34123,128,-428,64
34145,108,-472,68
34165,120,-460,74
34187,92,-392,67
34207,40,-460,54
34229,84,-448,67
34250,56,-400,66
34271,64,-544,70
34292,36,-504,79
34313,92,-472,44
34334,80,-432,70
34355,36,-480,71
34376,156,-512,62
34398,84,-544,77
34418,76,-472,67
34440,192,-428,54
34460,100,-432,63
34482,-28,-496,67
34502,36,-460,61
34527,80,-444,72
34548,188,-456,60
34606,60,-524,69
34627,88,-436,54
34648,24,-444,81
34669,-20,-456,72
34690,8,-512,60
34711,52,-492,78
34733,108,-540,41
34753,96,-456,61
34775,100,-444,79
34795,24,-472,49
34817,44,-496,81
34837,-24,-392,50
34859,36,-504,70
34879,-20,-512,71
34900,8,-392,59
34922,28,-524,53
34942,36,-520,55
34964,64,-472,56
34984,60,-508,72
35006,4,-496,82
35026,28,-404,72
35085,80,-536,77
35105,168,-488,57
35127,56,-432,81
35148,92,-572,71
35169,56,-392,57
35193,-44,-408,77
35214,44,-428,49
35235,144,-552,65
35257,140,-588,69
35287,-20,-588,54
35308,20,-368,73
35329,112,-440,73
35350,240,-440,40
35372,-12,-488,68
35392,-16,-380,67
35414,80,-488,66
35435,52,-412,52
35456,80,-408,81
35477,48,-448,73
35497,44,-408,56
35519,164,-404,48
35576,24,-388,69
35598,28,-544,63
35619,108,-544,71
35640,-12,-584,49
35661,72,-508,62
35682,40,-460,73
35703,92,-524,54
35725,-40,-440,88
35745,152,-496,52
35767,64,-500,61
35787,12,-516,63
35809,160,-504,60
35833,96,-400,59
35854,88,-504,65
35875,28,-492,66
35896,16,-428,84
35917,40,-436,50
35939,100,-536,49
35959,24,-440,58
35981,36,-436,42
36001,72,-444,74
36060,72,-480,42
36080,96,-464,65
36102,120,-456,77
36123,20,-508,63
36144,64,-484,74
36165,24,-544,67
36186,-44,-536,68
36207,-108,-484,72
36229,104,-468,58
36249,148,-508,67
36271,84,-408,65
36291,4,-520,60
36313,84,-484,69
36334,144,-492,70
36355,104,-536,66
36376,116,-516,63
36398,172,-472,57
36418,132,-512,48
36440,60,-436,85
36464,124,-480,51
36493,76,-376,48
36551,52,-448,64
36572,64,-428,65
36593,24,-480,65
36614,20,-472,68
36635,68,-576,74
36656,40,-408,62
36677,104,-484,49
36698,68,-404,70
36719,80,-392,46
36741,120,-488,76
36761,44,-452,69
36783,112,-516,59
36803,12,-396,66
36825,152,-460,60
36845,76,-512,52
36867,84,-412,53
36888,112,-440,72
36909,72,-544,63
36930,64,-428,69
36951,72,-440,71
36972,80,-472,61
37029,0,-592,48
37051,96,-512,53
37071,72,-512,58
37093,40,-496,69
37114,40,-496,70
37138,136,-524,45
37159,136,-468,65
37180,60,-408,66
37201,96,-488,75
37222,40,-456,80
37243,40,-464,76
37265,100,-464,74
37285,-48,-432,55
37307,80,-476,64
37327,132,-436,64
37349,-84,-372,68
37370,40,-360,69
37391,120,-484,55
37412,72,-524,82
37433,144,-484,59
37454,156,-452,53
37512,-40,-404,59
37533,56,-556,84
37554,72,-496,58
37575,48,-408,91
37597,-40,-392,51
37617,36,-464,76
37639,36,-436,84
37659,60,-460,60
37681,156,-384,61
37701,64,-448,67
37723,140,-468,86
37752,100,-540,61
37771,104,-484,58
37792,176,-448,64
37813,80,-476,71
37834,112,-504,53
37856,192,-512,60
37876,20,-464,65
37898,-8,-464,76
37918,0,-488,70
37940,44,-512,52
37997,-64,-428,81
38019,96,-544,66
38040,68,-528,58
38061,80,-456,52
38082,44,-488,75
38103,52,-472,39
38124,84,-520,74
38146,108,-496,73
38166,68,-420,69
38188,-8,-484,72
38208,56,-532,47
38230,60,-420,63
38250,96,-496,68
38272,96,-424,81
38293,68,-468,55
38313,108,-524,74
38335,76,-448,62
38355,192,-440,46
38377,32,-436,51
38395,176,-452,78
38417,132,-504,78
38474,52,-444,49
38496,64,-516,102
38516,24,-444,71
38538,32,-552,79
38558,84,-476,67
38580,68,-440,51
38600,172,-416,55
38622,32,-528,54
38643,120,-480,79
38664,36,-468,70
38685,84,-448,47
38706,136,-416,79
38727,16,-404,78
38748,100,-488,62
38769,68,-496,73
38791,48,-444,64
38811,-20,-460,68
38833,92,-420,46
38853,-8,-348,68
38875,96,-476,63
38895,116,-428,76
38953,100,-544,73
38975,-4,-496,76
38995,-68,-464,46
39025,92,-508,65
39050,20,-452,46
39071,48,-460,62
39092,56,-380,66
39113,48,-488,65
39134,56,-512,73
39155,100,-472,69
39176,64,-524,63
39197,32,-396,65
39219,52,-428,73
39239,64,-572,59
39261,124,-432,48
39281,88,-416,69
39303,196,-512,65
39323,0,-560,62
39345,12,-524,66
39366,36,-512,76
39387,64,-424,57
39444,40,-488,58
39465,92,-448,56
39486,128,-460,59
39507,-20,-436,44
39529,76,-496,50
39549,64,-504,66
39571,96,-460,77
39591,60,-488,68
39613,132,-464,49
39633,20,-524,46
39655,36,-516,76
39675,48,-444,67
39695,60,-440,42
39715,120,-516,67
39737,32,-504,74
39757,72,-504,83
39779,76,-484,80
39799,208,-476,59
39821,4,-544,72
39841,28,-496,69
39863,16,-460,52
39921,84,-400,51
39942,84,-408,67
39963,108,-488,75
39984,80,-420,28
40005,-16,-452,57
40026,-32,-512,82
40047,108,-472,53
40069,76,-420,45
40089,136,-444,66
40111,128,-356,65
40131,8,-508,54
40153,36,-448,71
40174,-40,-516,73
40195,60,-340,76
40216,60,-632,79
40246,-32,-200,54
40266,200,-296,25
40288,56,-668,82
40311,52,-420,90
40333,144,-468,96
40354,224,-260,85
40412,-16,-416,151
40433,72,-520,137
40454,60,-640,126
40475,144,-208,94
40497,168,-916,103
40517,156,-1128,241
40539,-68,-92,250
40560,140,-80,179
40581,184,-624,218
40602,224,-332,208
40623,0,-264,173
40644,-112,-468,163
40666,124,-460,187
40686,40,-344,152
40708,-284,-668,155
40728,116,-664,203
40750,292,-460,235
40771,88,-196,201
40792,120,-408,204
40813,0,-416,176
40834,276,-1228,175
40892,80,-456,153
40932,96,-192,161
40953,48,-376,124
40977,60,-396,123
40998,44,-272,123
41020,4,-300,70
41040,104,-376,43
41062,-100,-532,62
41082,72,-512,63
41104,136,-428,65
41125,-76,-404,82
41146,116,-312,58
41167,0,-424,59
41188,80,-292,75
41209,-48,-376,44
41231,116,-636,39
41251,-12,-424,69
41273,56,-160,77
41293,-16,-496,52
41315,12,-328,39
41336,148,-448,89
41399,16,-332,48
41420,132,-292,54
41441,24,-436,17
41462,56,-488,67
41483,40,-12,21
41517,76,-540,49
41537,76,-328,78
41559,24,-508,32
41580,-4,-452,47
41601,132,-416,60
41629,32,-428,73
41673,-24,-480,75
41717,-72,-440,85
41761,60,-252,77
41805,-52,-428,28
41849,136,-220,38
41893,84,-680,56
41937,-48,-332,63
41981,128,-312,56
42016,60,-340,38
42038,4,-476,31
42096,24,-440,25
42118,-28,-572,45
42138,-44,-436,58
42160,120,-324,72
42180,48,-484,36
