time,AcX,AcY,GyZ
163,140,-688,11
185,160,-680,47
205,184,-336,16
227,516,-612,5
247,72,-312,71
269,-384,-592,15
2786,-228,-1584,159
2807,796,1768,80
2829,-16,-764,48
2849,-32,424,190
2871,60,-536,75
2891,116,-736,96
2913,108,-620,73
2933,128,-508,43
2999,264,-268,8
3020,-204,-296,-29
3041,36,-756,52
3062,-40,-728,68
3084,152,-480,105
3104,40,-404,49
3126,-64,-460,38
3146,-80,-532,43
3168,-136,-488,41
3188,76,-420,69
3210,-24,-504,59
3231,56,-532,51
3252,100,-504,41
3273,52,-380,73
3297,712,-744,48
3318,-164,-576,60
3339,100,-492,60
3360,-28,-448,49
3382,64,-492,90
3402,0,-468,55
3466,140,-544,59
3487,68,-496,66
3509,-20,-468,48
3529,-60,-488,69
3551,-44,-500,63
3571,-36,-480,69
3593,48,-412,66
3614,-52,-436,64
3643,64,-468,68
3664,0,-460,51
3686,84,-460,79
3706,64,-416,51
3728,-52,-500,58
3748,28,-504,52
3770,80,-460,69
3790,76,-520,73
3812,-12,-512,75
3833,16,-488,44
3854,8,-408,57
3875,120,-444,66
3934,-20,-480,50
3955,24,-516,81
3976,32,-504,64
3997,12,-560,61
4021,-16,-472,64
4042,36,-520,40
4063,60,-468,62
4084,8,-404,76
4106,-20,-460,77
4126,36,-628,62
4148,164,-584,65
4168,56,-568,59
4190,-64,-464,74
4211,24,-476,57
4232,32,-464,59
4253,-8,-428,61
4274,28,-512,61
4295,60,-448,49
4316,8,-476,63
4337,8,-496,69
4396,-28,-568,62
4417,64,-404,76
4438,-4,-504,62
4459,-52,-544,59
4481,-40,-396,55
4501,80,-520,68
4523,-40,-484,63
4543,96,-536,59
4564,-36,-452,47
4586,24,-508,72
4606,20,-432,60
4628,132,-556,60
4648,-40,-456,64
4673,92,-424,64
4695,96,-448,55
4715,-12,-532,61
4737,24,-476,53
4757,40,-600,82
4779,88,-512,69
4800,-60,-596,62
4858,32,-452,57
4888,-4,-504,73
4909,28,-480,68
4930,-28,-444,57
4951,-52,-548,54
4972,220,-496,44
4994,-536,-724,36
5014,-284,-532,-36
5036,256,-176,-82
5057,-64,-616,-204
5078,36,-816,-233
5099,-120,-328,-183
5121,-452,-332,-108
5141,52,-796,-49
5163,-100,-392,90
5184,-456,-120,226
5204,-188,-836,384
5226,-268,-1008,641
5248,-384,-268,929
5268,-720,-300,1284
5327,-704,-492,2542
5351,-704,-500,3040
5372,-656,-540,3487
5394,-720,-504,3990
5415,-612,-632,4510
5436,-880,-768,5068
5457,-888,-460,5676
5479,-772,-544,6213
5499,-640,-848,6732
5521,-604,-924,7222
5542,-740,-784,7730
5564,-948,-800,8320
5584,-1008,-880,8902
5606,-912,-988,9507
5627,-892,-1024,10139
5649,-1064,-1036,10755
5669,-1000,-1068,11413
5691,-1112,-1204,12025
5712,-768,-1228,12596
5734,-392,-1608,13063
5792,-1092,-784,14703
5814,-944,-1112,15297
5835,-588,-1868,15801
5857,-424,-2068,16216
5881,-348,-1788,16627
5902,-244,-1580,17002
5923,-744,-1680,17390
5945,-436,-2016,17736
5966,-100,-1900,18085
5988,-336,-1916,18350
6009,-36,-2380,18542
6030,-168,-2272,18770
6051,-312,-2204,18974
6073,-144,-2128,19172
6103,72,-2128,19414
6123,-228,-2268,19564
6145,-112,-2388,19769
6166,-124,-2272,19923
6188,-204,-2448,20120
6209,-336,-2572,20378
6267,36,-2484,20913
6288,292,-2600,21003
6309,0,-2600,21013
6331,112,-2440,20988
6351,284,-2288,20934
6373,436,-2620,20845
6394,36,-2636,20800
6419,68,-2432,20715
6439,132,-2556,20654
6461,380,-2556,20624
6482,180,-2500,20560
6503,168,-2440,20506
6524,144,-2524,20422
6546,232,-2528,20387
6567,116,-2436,20352
6588,132,-2428,20267
6609,76,-2496,20241
6631,172,-2380,20180
6651,188,-2508,20149
6673,84,-2460,20084
6732,72,-2348,19971
6753,96,-2432,19920
6774,96,-2456,19866
6796,12,-2380,19837
6816,-20,-2368,19800
6838,-36,-2348,19738
6859,-8,-2448,19700
6880,32,-2340,19671
6901,172,-2296,19632
6923,156,-2248,19583
6944,52,-2228,19527
6968,-88,-2376,19491
6989,60,-2220,19454
7011,84,-2168,19411
7032,108,-2152,19335
7053,48,-2396,19322
7074,-56,-2116,19270
7096,108,-2148,19223
7116,152,-2136,19170
7138,-52,-2116,19115
7196,120,-2052,18989
7218,208,-2080,18953
7239,-76,-2124,18880
7260,-40,-2124,18861
7281,36,-2116,18795
7303,100,-2008,18761
7324,68,-2080,18693
7353,60,-1980,18626
7374,64,-2156,18569
7396,116,-1996,18536
7416,180,-1904,18477
7438,108,-2056,18398
7459,-80,-1988,18374
7481,44,-2084,18350
7504,184,-1960,18280
7526,144,-2000,18233
7547,-44,-2020,18223
7569,100,-2060,18172
7590,148,-1948,18153
7611,132,-1940,18134
7670,68,-1944,17992
7691,36,-1904,17953
7712,156,-2016,17900
7734,172,-2024,17887
7755,-64,-1840,17869
7776,132,-1848,17837
7797,204,-1912,17826
7819,156,-1880,17776
7840,188,-1820,17744
7861,172,-1812,17694
7882,60,-1932,17681
7904,120,-1928,17630
7925,236,-1888,17610
7946,228,-1832,17569
7967,112,-1892,17524
7989,160,-1800,17519
8010,112,-1828,17484
8031,100,-1856,17434
8055,196,-1820,17419
8077,76,-1848,17381
8135,160,-1772,17256
8157,180,-1724,17230
8177,252,-1784,17164
8199,88,-1880,17142
8220,116,-1696,17105
8242,180,-1888,17051
8262,136,-1764,17010
8284,240,-1752,16982
8305,188,-1844,16909
8326,196,-1684,16874
8347,108,-1736,16813
8369,196,-1848,16813
8390,232,-1808,16746
8411,212,-1752,16690
8432,92,-1772,16657
8454,72,-1808,16605
8474,240,-1748,16544
8496,292,-1692,16511
8517,232,-1680,16446
8539,220,-1856,16410
8597,140,-1716,16249
8633,184,-1876,16142
8654,124,-1748,16135
8676,192,-1592,16046
8696,184,-1716,16009
8718,152,-1736,15971
8739,108,-1808,15921
8761,140,-1768,15877
8781,116,-1784,15828
8803,108,-1644,15762
8824,160,-1568,15708
8845,96,-1776,15665
8866,232,-1628,15625
8888,192,-1608,15557
8909,168,-1656,15509
8930,240,-1652,15451
8951,136,-1720,15383
8973,60,-1756,15344
8993,128,-1576,15299
9015,192,-1540,15241
9074,116,-1712,15084
9095,36,-1560,15000
9116,168,-1544,14969
9138,264,-1624,14909
9159,72,-1616,14869
9183,116,-1500,14799
9204,108,-1580,14735
9226,160,-1620,14665
9247,92,-1624,14611
9268,132,-1416,14583
9289,280,-1496,14520
9311,108,-1532,14437
9331,200,-1500,14412
9353,0,-1516,14354
9374,132,-1512,14307
9396,8,-1572,14268
9416,96,-1492,14219
9438,72,-1484,14170
9459,24,-1624,14126
9480,44,-1532,14070
9539,188,-1532,13966
9560,48,-1412,13885
9581,-68,-1360,13857
9603,48,-1452,13746
9623,120,-1580,13721
9645,44,-1508,13727
9666,72,-1412,13705
9688,4,-1280,13653
9708,-8,-1416,13427
9733,20,-1328,13407
9754,128,-1348,13355
9787,144,-1432,13310
9808,-100,-1404,13301
9830,0,-1268,13305
9851,-24,-1296,13105
9872,52,-1184,13161
9893,24,-1424,13048
9915,72,-1452,13087
9936,0,-1264,12947
9957,-76,-1200,12956
10016,60,-1328,12770
10037,-8,-1340,12793
10058,-44,-1192,12719
10080,84,-1256,12659
10101,48,-1228,12674
10122,-80,-1268,12633
,-144,-1188,12574
10168,176,-1244,12526
10189,100,-1272,12454
10210,-16,-1220,12451
10231,-116,-1172,12398
10253,-4,-1088,12355
10277,36,-1220,12304
10299,84,-1156,12224
10319,128,-1172,12223
10341,-8,-1080,12150
10362,0,-1156,12108
10384,-44,-1132,12035
10404,96,-1212,12000
10426,40,-1152,11959
10484,84,-1076,11833
10506,72,-1104,11778
10527,20,-1028,11732
10549,-68,-1100,11684
10569,60,-1060,11660
10591,12,-1020,11617
10612,-32,-1116,11586
10634,24,-1112,11539
10654,16,-1120,11528
10676,-16,-1116,11470
10697,-272,-1108,11449
10719,72,-1048,11385
10740,0,-1116,11375
10761,68,-1084,11350
10782,-28,-1032,11318
10807,92,-1000,11253
10828,36,-1036,11232
10849,48,-1052,11201
10870,36,-1032,11171
10892,24,-996,11113
10950,24,-1008,11006
10972,40,-996,10972
10993,-36,-952,10962
11026,104,-992,10922
11047,96,-952,10892
11068,8,-1052,10860
11089,36,-968,10830
11111,48,-904,10790
11132,128,-976,10784
11153,12,-996,10763
11174,80,-996,10725
11196,148,-1004,10689
11217,52,-968,10663
11238,104,-1044,10602
11259,140,-972,10574
11281,96,-924,10532
11301,64,-896,10478
11323,-40,-860,10441
11344,88,-900,10402
11369,136,-892,10380
11427,100,-948,10233
11449,100,-908,10188
11470,104,-916,10160
11492,144,-908,10103
11512,92,-1048,10035
11534,112,-860,10032
11555,112,-904,9993
11577,92,-952,9948
11597,220,-900,9886
11619,92,-904,9815
11640,112,-964,9777
11661,172,-816,9697
11682,68,-940,9664
11704,160,-916,9590
11725,280,-968,9534
11746,120,-916,9459
11767,88,-836,9408
11789,144,-872,9347
11809,180,-928,9287
11831,108,-848,9224
11889,188,-840,9036
11911,60,-960,8953
11932,256,-920,8931
11957,176,-804,8812
11977,144,-924,8769
11999,172,-844,8700
12020,96,-796,8622
12041,244,-788,8571
12062,304,-916,8499
12084,116,-812,8416
12105,124,-848,8388
12126,220,-876,8279
12147,236,-852,8239
12169,200,-804,8158
12189,72,-772,8106
12224,256,-852,7979
12246,172,-732,7946
12267,252,-752,7864
12289,168,-780,7800
12309,164,-804,7728
12367,196,-788,7552
12389,188,-792,7522
12410,168,-800,7415
12431,120,-796,7381
12452,168,-872,7304
12474,196,-724,7240
12494,120,-764,7197
12519,184,-812,7112
12540,196,-804,7050
12562,124,-780,6998
12582,164,-776,6958
12604,172,-720,6909
12625,184,-872,6826
12646,84,-808,6777
12667,208,-696,6758
12689,100,-812,6684
12710,200,-796,6649
12731,108,-756,6574
12752,184,-780,6552
12774,248,-824,6478
12832,132,-748,6383
12853,200,-728,6344
12874,144,-764,6264
12896,112,-888,6239
12916,132,-704,6196
12938,144,-752,6153
12959,56,-736,6104
12980,104,-816,6080
13001,200,-796,6036
13023,20,-816,5997
13043,160,-716,5958
13065,148,-824,5931
13089,-32,-720,5884
13111,4,-744,5868
13131,-12,-704,5805
13153,84,-836,5783
13174,92,-688,5731
13195,48,-864,5721
13216,124,-704,5669
13238,124,-820,5658
13295,92,-788,5561
13317,28,-804,5536
13338,80,-724,5503
13359,80,-684,5467
13380,132,-700,5443
13402,132,-812,5399
13422,144,-640,5370
13455,168,-712,5325
13476,124,-740,5278
13497,96,-768,5251
13518,112,-748,5243
13540,64,-664,5173
13561,192,-688,5147
13582,52,-732,5125
13603,144,-808,5073
13625,192,-676,5060
13645,92,-744,5043
13670,132,-720,4978
13691,84,-792,4957
13712,-8,-688,4930
13770,20,-740,4842
13792,16,-656,4819
13813,52,-728,4801
13834,60,-592,4767
13855,16,-720,4754
13877,80,-704,4716
13897,56,-764,4690
13919,-16,-692,4664
13940,100,-632,4641
13961,132,-788,4613
13982,108,-688,4598
14004,112,-720,4557
14024,76,-752,4526
14046,44,-652,4513
14067,88,-696,4484
14088,92,-700,4459
14109,64,-724,4424
14131,32,-624,4392
14151,68,-740,4382
14173,36,-780,4328
14231,48,-696,4261
14252,48,-700,4227
14276,84,-720,4218
14298,28,-636,4179
14318,96,-664,4156
14340,88,-728,4118
14361,144,-672,4096
14382,-56,-680,4043
14403,88,-684,4047
14425,-20,-684,3985
14445,84,-712,3967
14467,40,-724,3949
14488,108,-656,3918
14509,-12,-640,3899
14530,-84,-776,3868
14552,48,-608,3851
14573,56,-660,3809
14594,68,-740,3792
14615,76,-764,3784
14648,52,-632,3751
14705,20,-704,3721
14727,-56,-648,3701
14748,20,-660,3687
14769,32,-648,3694
14790,8,-664,3625
14812,-56,-696,3607
14832,-8,-660,3601
14854,-20,-712,3578
14873,-76,-732,3561
14894,-4,-692,3528
14915,-20,-672,3511
14937,-72,-680,3481
14957,-40,-772,3458
14979,24,-760,3438
15000,60,-740,3390
15021,-64,-664,3388
15042,-28,-704,3367
15064,16,-684,3340
15085,-28,-648,3325
15106,148,-736,3291
15164,-12,-568,3245
15185,0,-624,3202
15206,-20,-692,3200
15227,32,-692,3144
15249,56,-676,3136
15269,-36,-652,3124
15291,68,-636,3080
15312,24,-660,3088
15333,-68,-632,3046
15354,116,-696,3027
15376,16,-684,3023
15396,132,-696,2966
15421,-104,-636,2965
15442,120,-652,2951
15464,-48,-744,2922
15484,-152,-560,2900
15506,-44,-660,2860
15527,-64,-764,2851
15548,100,-696,2826
15569,-68,-600,2808
15628,20,-632,2749
15649,116,-636,2714
15670,88,-700,2694
15691,72,-648,2706
15713,-76,-684,2656
15733,0,-592,2652
15755,76,-628,2637
15776,-4,-676,2620
15797,-56,-620,2561
15818,-100,-536,2574
15840,-12,-520,2543
15861,-76,-700,2512
15896,96,-720,2481
15917,-44,-688,2473
15938,-56,-720,2442
15960,-32,-716,2404
15980,72,-584,2368
16005,-60,-716,2354
16026,-144,-616,2329
16048,-40,-652,2306
16105,-40,-652,2257
16126,-112,-592,2219
16148,-80,-688,2201
16169,24,-644,2183
16190,12,-668,2152
16211,-84,-784,2141
16233,-48,-608,2107
16253,0,-588,2076
16275,52,-520,2035
16296,-16,-708,2046
16317,60,-644,2012
16338,-52,-612,1999
16360,-72,-696,1973
16380,-60,-600,1929
16402,-36,-700,1927
16423,108,-652,1895
16444,-36,-720,1902
16465,-148,-640,1871
16487,-8,-640,1846
16507,28,-612,1815
16566,0,-696,1776
16587,-68,-628,1760
16623,96,-624,1742
16668,-124,-632,1687
16712,4,-628,1652
16756,32,-692,1618
16800,-84,-588,1565
16845,-232,-600,1540
16888,80,-668,1508
16933,-60,-608,1439
16977,-8,-636,1413
17022,-76,-684,1367
17052,-84,-596,1337
17073,-44,-576,1335
17094,-124,-660,1291
17116,-8,-652,1302
17137,-64,-572,1269
17158,-12,-588,1250
17179,-36,-648,1236
17201,-140,-600,1216
17266,0,-652,1184
17288,12,-668,1142
17308,0,-556,1137
17330,-8,-660,1099
17351,4,-588,1110
17381,-24,-472,1073
17402,-56,-600,1055
17427,-144,-716,1045
17447,-92,-584,1020
17469,-28,-648,1024
17490,52,-652,980
17511,-112,-604,980
17532,-84,-492,978
17554,-4,-544,964
17574,4,-572,938
17596,-56,-600,916
17616,-40,-632,906
17638,-40,-568,881
17659,-40,-564,878
17680,60,-688,864
17739,-76,-540,811
17761,-8,-592,790
17781,4,-548,795
17803,4,-600,765
17824,-156,-608,758
17845,-24,-552,737
17866,-44,-640,708
17888,-40,-528,685
17908,-108,-604,703
17930,-24,-552,655
17951,-136,-616,654
17972,4,-548,644
17996,-20,-612,635
18018,-36,-560,600
18038,-16,-556,581
18060,-44,-644,551
18081,-36,-660,534
18102,-16,-544,520
18123,-52,-628,502
18145,-40,-648,494
18203,-100,-596,452
18225,-40,-596,428
18246,-16,-600,393
18267,-16,-652,400
18288,-48,-656,387
18310,-132,-600,377
18330,48,-648,362
18352,-100,-512,332
18373,-88,-600,300
18394,36,-588,289
18415,4,-528,296
18437,-48,-424,261
18457,60,-612,257
18479,-88,-636,234
18500,-72,-532,209
18521,36,-688,207
18542,-136,-584,168
18563,-28,-596,170
18596,-120,-652,159
18618,-112,-568,135
18676,-88,-576,97
18718,-144,-572,60
18740,-84,-536,73
18760,-64,-636,47
18782,-16,-716,53
18802,-40,-532,77
18824,-148,-568,82
18845,-4,-636,69
18866,-76,-600,65
18887,-88,-648,58
18909,-28,-640,66
18929,-64,-548,55
18951,-76,-552,50
18972,-68,-584,58
18993,-36,-556,69
19014,-116,-612,53
19035,92,-612,76
19056,-100,-580,68
19078,-20,-616,48
19098,-52,-704,64
19164,-120,-604,64
19185,-68,-684,56
19207,24,-600,71
19227,-72,-608,63
19249,28,-564,64
19272,52,-720,75
19294,-104,-504,43
19314,-252,-660,46
19336,-64,-620,73
19357,4,-640,75
19378,-216,-736,81
19399,-88,-588,76
19420,-48,-588,65
19441,-32,-640,47
19463,-24,-584,78
19483,-88,-596,77
19505,-64,-616,53
19526,44,-564,54
19547,-20,-584,49
19568,-80,-584,46
19629,-12,-688,68
19650,-104,-580,73
19671,-120,-464,25
19692,-104,-736,14
19714,-40,-748,47
19734,68,-704,59
19756,-172,-564,74
19776,-296,-332,38
19798,36,-772,43
19819,-152,-620,72
19840,-56,-564,52
19869,-40,-548,73
19894,-60,-564,58
19914,-208,-700,79
19936,-100,-520,64
19956,-48,-580,33
19978,32,-568,58
19999,-84,-644,16
20020,168,-800,79
20041,-36,-612,83
20100,-76,-516,66
20121,-44,-528,54
20142,-164,-784,67
20163,-84,-756,104
20185,-164,-616,142
20205,-36,-780,166
20227,-28,-624,231
20248,-24,-552,208
20269,-264,-540,221
20290,40,-392,223
20311,-100,-436,176
20332,12,-340,173
20354,56,-416,173
20374,-276,-300,155
20396,196,-476,91
20417,152,-604,96
20438,308,-444,86
20459,-88,-320,65
20484,224,-676,33
20504,-316,-512,43
20562,-76,-428,93
20584,-40,-256,35
20604,-12,-544,57
20626,-28,-296,75
20646,-44,-376,49
20668,-48,-528,101
20689,12,-372,62
20710,-44,-584,58
20731,-40,-356,58
20753,-136,-436,59
20773,-156,-552,75
20795,8,-456,72
20815,-64,-464,59
20837,12,-508,63
20858,-88,-512,64
20879,148,204,75
20900,148,-448,60
20921,-148,-396,70
20942,-136,-464,67
20964,-24,-484,77
time,AcX,AcY,GyZ
1004,220,-852,393
1048,168,-604,261
1093,380,-592,263
2903,184,-1284,-167
2973,-312,-600,-248
3038,-96,-612,-163
3058,-192,-372,-143
3080,-120,-440,-130
3101,-132,-708,-135
3122,-16,-516,-136
3143,-12,-380,-142
3165,-132,-304,-172
3185,-132,-440,-109
3207,980,-700,-92
3228,-152,-372,-92
3249,-164,-576,-76
3270,28,-744,-44
3292,-48,132,-62
3312,-180,-672,-41
3334,-572,-320,-36
3355,104,-368,25
3376,44,-412,35
3397,556,-896,71
3418,116,116,66
3439,-16,-488,27
3460,-32,-628,93
3524,0,-544,69
3545,-8,-356,47
3566,28,-424,52
3587,60,-508,58
3608,0,-388,77
3632,32,-360,64
3653,48,-548,48
3674,-76,-396,54
3695,0,-404,68
3716,-52,-348,62
3737,12,-448,44
3766,76,-640,74
3787,36,-368,63
3809,-12,-460,66
3829,36,-420,63
3851,-64,-412,94
3871,36,-532,54
3893,-24,-436,72
3914,-20,-444,60
3935,-92,-408,71
3956,-16,-448,74
4014,36,-336,61
4034,60,-480,70
4056,40,-448,70
4076,56,-376,67
4098,-48,-492,45
4119,-48,-444,54
4140,-24,-436,85
4161,-100,-476,78
4182,-100,-440,58
4203,4,-476,66
4225,-64,-480,59
4245,-40,-380,64
4267,28,-400,68
4291,-40,-440,50
4312,-28,-384,66
4333,0,-412,67
4354,-96,-440,88
4375,-72,-436,78
4396,-20,-520,63
4417,-104,-448,56
4439,16,-416,64
4495,-96,-452,68
4516,-16,-444,62
4537,24,-404,73
4558,-8,-468,76
4580,-40,-392,66
4600,28,-508,47
4622,-40,-404,79
4642,48,-404,62
4664,-12,-460,65
4684,32,-496,48
4706,-36,-492,33
4726,-48,-428,36
4748,-124,-392,62
4769,-16,-348,78
4790,48,-472,79
4811,92,-532,58
4832,-112,-432,57
4853,-128,-440,35
4875,108,-436,62
4895,-132,-552,67
4917,12,-484,63
4977,36,-436,81
5006,-12,-440,61
5027,24,-464,75
5048,-20,-448,62
5069,-32,-420,74
5090,-24,-476,81
5111,-12,-428,84
5132,-64,-456,53
5153,4,-464,87
5175,0,-380,80
5195,-64,-432,85
5217,-20,-536,93
5237,-112,-420,69
5259,8,-428,34
5279,68,-468,-26
5301,28,-440,-13
5322,-100,-472,-32
5343,-88,-448,27
5364,-208,-488,77
5385,-272,-412,227
5406,-396,-480,388
5464,-680,-416,1125
5485,-632,-592,1511
5506,-660,-424,1924
5527,-632,-424,2329
5549,-692,-432,2740
5569,-536,-448,3150
5594,-492,-480,3581
5615,-652,-512,3966
5636,-660,-572,4425
5657,-620,-472,4801
5679,-532,-600,5217
5700,-568,-596,5583
5721,-640,-564,5950
5742,-564,-624,6368
5764,-624,-576,6754
5784,-660,-680,7197
5806,-656,-680,7670
5827,-788,-708,8133
5848,-820,-720,8693
5869,-996,-976,9330
5891,-904,-1056,9943
5948,-568,-1032,11293
5969,-612,-1044,11729
5990,-368,-1280,12114
6011,-272,-1188,12404
6033,-140,-1052,12610
6054,-120,-1096,12745
6076,-380,-1084,12834
6096,180,-1192,12947
6118,336,-1224,13033
6142,160,-1188,12981
6164,40,-1124,12941
6184,208,-1148,12871
6214,76,-1128,12906
6236,172,-1104,12854
6256,28,-1148,12825
6278,-100,-1144,12805
6299,112,-1244,12815
6321,208,-1396,12857
6341,236,-1244,12780
6363,176,-1228,12767
6384,208,-1068,12686
6440,16,-1168,12678
6462,196,-1156,12623
6483,160,-1060,12567
6504,132,-1260,12532
6525,184,-1188,12487
6547,188,-1196,12451
6568,128,-1196,12417
6589,156,-1048,12389
6610,140,-1080,12327
6632,184,-1148,12300
6652,40,-1256,12288
6677,160,-1220,12240
6699,40,-1148,12185
6720,204,-1204,12186
6740,28,-1184,12146
6762,-16,-1300,12114
6784,40,-1200,12077
6804,72,-1196,12058
6825,104,-1108,12031
6847,88,-1128,11977
6868,128,-1080,11960
6926,176,-1136,11830
6946,244,-1092,11793
6968,120,-1072,11754
6989,92,-1140,11703
7011,100,-1164,11688
7031,128,-1108,11635
7053,180,-1104,11581
7074,136,-1200,11565
7096,152,-1128,11528
7116,156,-1116,11513
7138,116,-1120,11450
7159,160,-1088,11425
7180,156,-1040,11371
7201,108,-1068,11357
7226,84,-1248,11250
7247,44,-1096,11265
7268,60,-1108,11215
7289,76,-1104,11150
7311,116,-1124,11138
7332,164,-1148,11090
7353,136,-1200,11052
7410,60,-1112,10984
7432,32,-1092,10941
7460,160,-1080,10886
7482,-12,-1044,10867
7502,164,-1164,10865
7524,120,-1080,10812
7545,28,-1052,10781
7567,68,-1052,10762
7587,48,-988,10718
7609,24,-1100,10702
7630,84,-1092,10682
7651,56,-1152,10659
7672,-24,-1044,10626
7694,0,-1052,10609
7714,172,-1120,10581
7736,-16,-1100,10573
7757,64,-1000,10530
7782,84,-968,10504
7802,152,-992,10478
7824,88,-1048,10445
7845,-16,-1088,10434
7903,-184,-992,10347
7923,-36,-996,10338
7945,156,-1080,10302
7966,-48,-1096,10267
7987,40,-940,10239
8008,-8,-1092,10230
8030,8,-984,10199
8050,-44,-1108,10182
8072,-28,-1060,10161
8093,56,-908,10110
8115,48,-1036,10096
8135,80,-1096,10077
8157,16,-968,10065
8178,36,-1028,10037
8199,-176,-924,10000
8220,12,-1060,9990
8242,-56,-1036,9990
8262,24,-1004,9956
8284,-76,-960,9925
8305,-140,-960,9925
8345,0,-1000,9855
8401,-92,-1036,9803
8423,0,-972,9800
8444,-52,-980,9757
8465,16,-912,9750
8486,56,-932,9731
8507,-24,-1012,9718
8528,4,-828,9698
8550,36,-916,9694
8570,-16,-880,9632
8592,-76,-896,9625
8613,-24,-920,9596
8634,56,-976,9570
8655,-48,-960,9546
8677,-112,-892,9525
8706,-72,-908,9479
8727,-56,-896,9449
8748,-136,-992,9434
8769,-88,-976,9402
8800,-92,-868,9385
8814,52,-780,9344
8836,4,-944,9312
8892,-8,-900,9233
8913,-68,-768,9212
8934,-80,-784,9157
8955,-84,-828,9150
8977,-88,-960,9118
8995,-36,-868,9102
9017,60,-784,9077
9037,-108,-768,9045
9059,-12,-788,9001
9080,-80,-816,8939
9101,-68,-732,8910
9122,28,-912,8856
9143,48,-896,8850
9164,-52,-828,8795
9186,128,-784,8778
9206,76,-824,8749
9228,148,-860,8708
9249,-140,-808,8684
9270,-76,-884,8627
9291,-64,-792,8577
9313,24,-676,8566
9369,-56,-700,8463
9390,48,-824,8437
9411,-56,-832,8419
9433,-64,-772,8380
9453,76,-728,8347
9475,-20,-796,8327
9496,-72,-732,8275
9517,8,-708,8273
9538,-12,-716,8242
,4,-788,8230
9586,108,-748,8173
9607,-112,-724,8157
9628,-68,-796,8148
9650,40,-672,8126
9670,-36,-668,8091
9692,20,-740,8054
9712,-92,-652,8019
9734,-32,-716,7985
9755,-52,-716,7978
9776,0,-696,7946
9797,-84,-792,7902
9854,-20,-728,7854
9875,40,-608,7821
9896,-68,-808,7788
9918,-16,-644,7763
9938,108,-756,7728
10018,-108,-764,7605
10042,-116,-684,7599
10063,92,-728,7568
10085,-84,-712,7532
10105,100,-688,7484
10127,120,-648,7468
10148,112,-672,7415
10169,-4,-808,7384
10190,20,-744,7329
10215,72,-680,7325
10235,12,-680,7264
10257,64,-628,7235
10278,4,-568,7190
10299,48,-668,7133
10320,0,-672,7121
10341,112,-696,7098
10407,112,-696,6950
10429,60,-612,6932
10449,132,-572,6880
10471,144,-636,6845
10492,56,-660,6806
10513,28,-696,6771
10534,100,-676,6737
10555,16,-484,6691
10576,188,-576,6637
10598,8,-472,6582
10618,68,-616,6561
10640,196,-636,6491
10660,140,-684,6477
10682,24,-576,6403
10703,120,-592,6397
10724,48,-648,6344
10745,84,-620,6311
10767,160,-608,6266
10790,48,-624,6235
10812,52,-632,6178
10832,100,-608,6139
10891,76,-560,6039
10911,120,-632,5961
10933,172,-588,5928
10954,144,-520,5878
10975,144,-588,5855
10996,204,-608,5790
11018,76,-552,5749
11038,160,-572,5694
11060,200,-620,5639
11081,96,-632,5571
11103,204,-560,5530
11123,160,-564,5482
11145,140,-576,5429
11166,136,-576,5369
11187,32,-624,5337
11216,124,-576,5258
11237,196,-648,5230
11258,120,-576,5160
11280,140,-528,5132
11300,68,-604,5077
11322,148,-560,5047
11379,112,-632,4894
11404,164,-556,4843
11424,244,-564,4784
11446,128,-580,4719
11467,212,-560,4672
11488,84,-616,4613
11509,168,-656,4554
11531,228,-608,4519
11551,184,-624,4463
11573,96,-560,4393
11594,164,-560,4339
11615,96,-532,4303
11636,140,-556,4244
11658,260,-532,4182
11679,8,-556,4123
11700,212,-608,4083
11721,44,-488,4023
11742,80,-520,3979
11763,264,-500,3918
11785,92,-448,3870
11805,32,-568,3824
11863,228,-480,3689
11884,60,-472,3656
11905,20,-544,3592
11926,188,-512,3531
11948,136,-560,3483
11971,88,-404,3438
11993,180,-568,3391
12014,68,-576,3331
12035,120,-520,3292
12056,148,-536,3254
12078,124,-592,3192
12098,140,-548,3141
12120,316,-560,3111
12141,104,-500,3071
12162,120,-484,3018
12183,156,-504,2979
12205,80,-496,2912
12225,120,-472,2881
12247,92,-552,2845
12268,68,-536,2800
12290,76,-632,2768
12347,32,-520,2628
12367,108,-576,2596
12389,96,-668,2590
12410,116,-640,2529
12431,140,-536,2477
12461,92,-524,2428
12481,272,-616,2368
12503,184,-556,2325
12523,136,-484,2297
12548,168,-476,2219
12569,136,-548,2170
12591,68,-480,2167
12611,84,-548,2123
12633,168,-584,2060
12654,100,-500,2028
12675,128,-488,1990
12696,196,-560,1953
12718,44,-536,1918
12738,84,-524,1878
12760,96,-528,1824
12781,200,-448,1814
12838,44,-528,1690
12860,144,-504,1668
12880,80,-564,1610
12902,140,-456,1580
12923,108,-524,1545
12944,132,-492,1517
12965,140,-612,1489
12987,96,-436,1435
13007,108,-616,1399
13029,184,-492,1363
13050,184,-572,1325
13072,116,-580,1288
13092,60,-520,1227
13117,208,-476,1224
13138,120,-564,1174
13159,56,-432,1136
13180,168,-484,1106
13202,140,-600,1067
13222,188,-492,1028
13244,132,-580,998
13265,84,-428,951
13323,100,-532,854
,60,-480,794
13368,160,-496,776
13389,60,-524,732
13410,216,-548,716
13431,184,-600,688
13452,80,-576,645
13473,208,-508,597
13495,48,-516,597
13515,152,-516,537
13537,220,-504,518
13558,4,-488,485
13579,92,-560,444
13600,148,-592,414
13622,196,-520,403
13642,56,-448,346
13671,88,-532,303
13692,52,-604,289
13717,40,-572,249
13737,224,-524,178
13759,120,-536,155
13816,136,-556,78
13837,140,-500,61
13858,84,-500,57
13879,48,-648,59
13900,80,-552,88
13922,136,-588,67
13942,44,-628,63
13964,112,-564,59
13984,0,-488,73
14006,-20,-536,68
14027,-56,-564,77
14048,28,-572,51
14069,40,-456,50
14090,36,-592,48
14111,44,-568,50
14133,8,-584,81
14153,-28,-600,72
14175,36,-612,62
14195,60,-612,58
14217,68,-556,72
14237,104,-544,63
14295,48,-472,72
14316,36,-460,58
14337,92,-556,65
14358,-64,-448,71
14376,92,-480,48
14398,52,-468,67
14419,40,-496,47
14440,64,-596,56
14461,48,-572,78
14482,44,-532,45
14503,56,-464,67
14524,156,-560,66
14545,96,-520,46
14567,84,-624,69
14587,28,-472,81
14609,112,-412,62
14630,52,-536,54
14651,52,-608,54
14672,80,-616,69
14693,16,-504,65
14714,0,-476,67
14771,12,-480,53
14792,-4,-500,62
14814,36,-576,62
14834,48,-504,75
14856,112,-576,73
14876,68,-532,56
14898,28,-548,64
14926,88,-496,48
14948,4,-544,70
14968,36,-556,70
14990,108,-536,81
15013,-16,-580,55
15035,76,-540,69
15056,-144,-532,64
15077,60,-440,72
15098,52,-528,69
15119,104,-592,67
15140,88,-520,67
15162,28,-528,46
15182,4,-540,65
15204,96,-496,76
15261,76,-484,63
15282,92,-424,85
15303,84,-504,70
15324,92,-564,62
15345,12,-612,69
15367,164,-472,65
15387,104,-544,64
15409,24,-464,77
15429,88,-520,59
15451,36,-508,66
15472,24,-496,66
15493,24,-588,56
15514,108,-448,69
15535,112,-464,45
15556,100,-492,54
15577,68,-600,60
15598,296,-428,73
15620,44,-616,65
15643,208,-552,99
15665,532,-460,65
15685,188,-636,48
15742,64,-332,55
15764,260,-612,85
15784,152,-784,123
15806,76,-496,177
15826,-308,-248,192
15848,180,-420,248
15869,136,-420,264
15890,128,-552,296
15911,-220,-784,301
15933,24,-904,355
15953,244,-392,389
15975,56,-456,339
15996,124,-476,269
16017,-188,-420,200
16038,168,-644,120
16060,76,-912,27
16080,16,-800,27
16102,84,-752,50
16131,16,-472,110
16152,132,-812,48
16173,-52,-852,66
16230,-212,-716,82
16250,44,-504,68
16275,204,-792,41
16295,184,-980,75
16317,76,-724,55
16338,168,-548,17
16359,60,-628,39
16380,372,-376,28
16401,60,-500,8
16422,60,-700,29
16444,172,-1380,15
16464,104,-708,38
16486,-124,-900,87
16506,400,-600,94
16528,-292,-392,-16
16549,264,-196,-151
16570,160,-1016,-178
16591,48,-788,-245
16613,-40,-844,-261
16633,168,-296,-311
16655,144,-820,-374
16712,-76,-496,-361
16734,-176,-532,-377
16754,-64,-600,-348
16776,224,-636,-355
16797,152,-592,-312
16818,-428,-688,-350
16839,-32,-1200,-254
16864,148,-996,-223
16884,176,-968,-210
16906,-100,-1056,-179
16927,268,-672,-172
16949,-84,-844,-202
16969,236,-880,-199
16991,-120,-584,-181
17012,36,-732,-189
17033,12,-868,-150
17054,-112,-548,-98
17076,-396,-1008,123
17096,96,-496,-10
17118,-148,-396,-25
17139,-792,-724,-18
17196,120,-556,-120
17217,-164,-632,-156
17239,-16,-748,-167
17259,-76,-736,-208
17281,-52,-644,-259
17302,-20,-772,-247
17324,44,-796,-240
17344,192,-832,-238
17374,-84,-832,-229
17394,-120,-832,-260
17419,0,-756,-286
17440,-20,-508,-296
17461,0,-488,-467
17482,-324,-504,-507
17504,-208,-664,-392
17524,168,-1000,-378
17546,48,-560,-346
17567,300,-652,-340
17588,-176,-884,-348
17609,-232,-924,-340
17631,84,-724,-336
17688,452,752,-259
17737,36,-768,-203
17759,48,-1176,-148
17779,36,-792,-97
17801,36,-920,-20
17822,-228,-1048,27
17843,-112,-908,79
17864,160,-884,101
17886,24,-916,69
17906,24,-836,79
17928,-100,-612,52
17949,80,-708,-29
17970,300,-608,-123
17991,-132,-808,-132
18020,-88,-824,-184
18040,484,-348,-190
18062,-16,-364,-196
18083,24,-588,-192
18104,-224,-464,-155
18125,-32,-1176,24
18147,-84,-392,-52
18203,-296,-452,-54
18225,-136,28,-207
18245,-124,-296,-238
18267,-248,-344,-299
18288,308,-548,-213
18310,4,-724,-178
18330,-212,-1092,-156
18352,-208,-412,-239
18373,-284,-756,-222
18394,528,-964,-296
18415,432,-1188,18
18437,512,220,-342
18457,40,-1136,-496
18479,-296,-320,-609
18500,-204,-568,-634
18521,148,-736,-636
18542,-4,-740,-523
18564,328,-604,-321
18588,-228,-612,-56
18617,-232,-796,172
18638,316,680,278
18695,-164,-472,155
18716,-312,188,184
18737,432,28,83
18758,456,-696,56
18779,-160,-712,239
18800,-1388,264,358
18822,556,-1176,504
18842,620,-1552,318
18864,-100,-572,351
19050,-44,-1180,-36
19072,-128,-236,-114
19092,328,-1088,-106
19113,44,-1296,-46
19135,-68,-976,3
19155,-192,-1468,12
19177,-76,-1452,64
19198,-56,-720,56
19219,-248,-632,37
19240,56,-588,8
19261,-152,-716,15
19282,-268,-700,89
19339,-60,-556,15
19363,-20,-732,32
19385,-28,-448,35
19405,-108,-676,44
19427,-160,-28,29
19447,-120,-788,-6
19469,-116,-296,31
19490,100,-736,120
19511,-1100,-348,-944
19532,712,-1960,-1204
19554,-204,264,154
19574,236,-528,76
19596,104,-1336,109
19617,-348,-708,142
19638,728,-728,159
19659,-220,-172,208
19681,264,-364,163
19701,8,-1208,207
19723,-544,-1276,428
19744,-324,-840,768
19765,-28,-164,479
20809,-780,136,58
20830,224,-1048,60
20851,28,-632,57
20872,-100,-584,11
20893,-92,-708,9
20915,196,-768,-9
20938,-20,-712,-1
20960,92,-612,-22
20981,200,-396,-31
,-400,-628,106
21223,-32,888,121
21244,424,-756,46
21265,156,-384,194
21286,28,-396,170
time,AcX,AcY,GyZ
1926,-28,3032,403
1970,176,-952,40
2060,8,-872,48
2101,-16,-808,82
2143,8,-636,83
2174,72,-660,103
2195,-8,-1144,88
2216,-76,-824,98
2238,800,-640,94
2258,-280,-124,74
2280,244,-684,77
2300,180,-496,62
2322,232,-352,62
2342,-48,-272,62
2364,288,-628,73
2385,208,-244,119
2406,116,-576,65
2427,228,-272,110
2448,160,-28,73
2472,36,-968,94
2494,32,-200,73
2514,792,-580,76
2585,136,-532,75
2607,160,-408,80
2627,104,-592,46
2649,112,-640,67
2669,136,-548,55
2691,48,-608,48
2711,72,-416,74
2733,192,-580,73
2761,48,-532,67
2783,224,-520,76
2803,128,-524,71
2825,88,-420,57
2845,84,-524,69
2867,164,-480,56
2919,192,-584,71
2942,108,-496,46
2964,112,-516,56
2985,76,-528,55
3006,76,-584,75
3027,256,-492,64
3086,72,-580,54
3106,24,-548,106
3128,100,-504,62
3148,156,-700,74
3170,172,-560,66
3191,180,-568,24
3215,208,-608,70
3236,-16,-532,84
3257,152,-600,68
3278,104,-440,69
3300,48,-416,57
3320,148,-576,55
3342,124,-584,50
3362,104,-576,71
3384,112,-616,77
3404,96,-568,56
3426,148,-556,59
3447,148,-524,39
3468,116,-568,56
3489,144,-476,45
3547,156,-492,64
3568,68,-584,41
3590,4,-476,58
3610,212,-572,63
3632,216,-548,37
3652,148,-544,37
3674,116,-500,85
3694,196,-512,62
3716,136,-508,40
3737,44,-544,57
3758,392,-556,88
3779,-80,-568,173
3800,-92,-508,343
3821,-444,-400,591
3846,-640,-696,1006
3867,-664,-568,1459
3888,-844,-568,1961
3909,-816,-576,2510
3931,-704,-660,3092
3951,-844,-616,3672
4009,-1000,-800,5410
4039,-884,-684,6257
4060,-856,-676,6862
4081,-836,-888,7444
4103,-904,-920,8072
4123,-908,-916,8667
4145,-860,-984,9310
4166,-872,-1024,9965
4188,-1172,-1144,10693
4208,-1212,-1372,11500
4230,-1100,-1508,12297
4251,-1228,-1420,13150
4273,-1332,-1488,13954
4294,-1220,-1736,14805
4316,-1156,-1836,15618
4336,-1324,-1748,16489
4358,-1404,-1984,17468
4382,-976,-2368,18446
4404,-516,-2552,19048
4425,144,-2532,19311
4484,332,-2092,19213
4504,440,-2512,19122
4526,240,-2452,19127
4547,48,-2248,19040
4569,92,-2096,19009
4589,432,-2260,18948
4611,288,-2416,18910
4632,40,-2336,18869
4653,104,-2204,18819
4674,136,-2120,18785
4696,304,-2288,18721
4717,108,-2344,18672
4738,176,-2188,18654
4759,60,-2112,18600
4781,168,-2164,18543
4801,136,-2404,18510
4823,160,-2284,18466
4844,168,-2040,18433
4866,172,-2076,18392
4886,312,-2188,18349
4944,-84,-2040,18239
5002,216,-2280,18121
5025,92,-2072,18054
5049,76,-2112,18045
5073,132,-2140,17995
5097,68,-2084,17976
5121,152,-1948,17958
5145,96,-2028,17895
5169,-28,-2056,17854
5193,24,-2024,17833
5217,60,-1904,17786
5240,112,-2052,17768
5265,100,-2144,17716
5298,-24,-2004,17682
5322,72,-1944,17643
5346,-8,-1984,17615
5413,196,-1968,17479
5437,68,-1852,17425
5460,-120,-1736,17364
5485,112,-1988,17308
5509,68,-2004,17266
5533,4,-2056,17243
5557,164,-1888,17196
5580,184,-1820,17141
5608,44,-1728,17074
5632,12,-1824,16993
5655,76,-1804,16992
5680,284,-1772,16961
5703,72,-1924,16916
5728,120,-1920,16878
5751,-44,-1860,16851
5775,56,-1552,16822
5799,72,-1720,16797
5823,204,-1920,16759
5847,108,-1828,16751
5871,180,-1800,16718
5933,-40,-1744,16625
5957,52,-1772,16604
5981,196,-1768,16603
6004,92,-1756,16535
6028,148,-1636,16508
6052,160,-1688,16491
6076,212,-1776,16492
6100,68,-1744,16471
6124,168,-1700,16445
6148,88,-1792,16424
6172,160,-1828,16416
6196,328,-1668,16389
6222,108,-1652,16370
6247,84,-1732,16359
6270,72,-1712,16343
6294,96,-1796,16337
6319,244,-1700,16300
6342,204,-1840,16294
6367,220,-1728,16290
6390,124,-1668,16263
6452,140,-1692,16230
6476,268,-1612,16212
6500,180,-1756,16206
6523,192,-1716,16176
6548,120,-1744,16144
6572,128,-1740,16137
6596,144,-1736,16143
6620,168,-1664,16098
6643,320,-1784,16101
6668,220,-1656,16075
6700,148,-1756,16052
6724,136,-1784,16009
6748,232,-1664,15990
6772,308,-1636,15935
6796,200,-1808,15914
6819,136,-1760,15870
6847,252,-1620,15873
6871,300,-1656,15804
6895,192,-1756,15800
6919,240,-1752,15744
6981,180,-1632,15650
7005,208,-1700,15602
7028,96,-1688,15549
7053,220,-1712,15487
7076,288,-1668,15468
7100,236,-1636,15404
7124,132,-1720,15364
7148,220,-1700,15320
7173,200,-1692,15251
7196,196,-1592,15208
7220,288,-1600,15159
7244,188,-1676,15080
7268,140,-1692,15052
7292,192,-1720,14989
7316,200,-1628,14930
7340,188,-1648,14882
7364,224,-1600,14840
7388,76,-1656,14800
7411,280,-1528,14741
7439,152,-1556,14669
7500,232,-1552,14542
,144,-1628,14498
7552,264,-1604,14459
7575,172,-1520,14390
7600,132,-1528,14367
7623,24,-1620,14316
7647,64,-1532,14272
7671,84,-1404,14229
7695,292,-1564,14153
7718,148,-1480,14125
7743,36,-1584,14078
7767,76,-1456,14029
7791,160,-1524,13969
7815,108,-1476,13902
7838,60,-1456,13867
7863,-12,-1596,13815
7886,88,-1484,13768
7911,128,-1572,13757
7934,124,-1504,13622
7958,80,-1468,13716
8020,68,-1436,13609
8044,12,-1480,13635
8069,168,-1408,13434
8104,108,-1384,13394
8129,100,-1476,13378
8153,72,-1352,13358
8176,8,-1384,13304
8201,56,-1472,13292
8224,108,-1276,13304
8248,148,-1320,13321
8272,128,-1424,13288
8296,-128,-1396,13240
8321,28,-1280,13198
8344,-112,-1444,13055
8368,0,-1324,13116
8392,48,-1248,12978
8416,-40,-1280,13056
8439,72,-1216,12972
8464,80,-1372,12962
8487,36,-1460,12913
8553,20,-1260,12748
8578,56,-1252,12739
8601,8,-1288,12731
8625,-20,-1312,12724
8649,-12,-1236,12654
8673,28,-1164,12611
8696,-76,-1348,12564
8724,24,-1184,12529
8748,20,-1184,12498
8771,144,-1152,12449
8796,-24,-1280,12396
8819,48,-1204,12355
8844,84,-1200,12333
8867,84,-1236,12282
8891,36,-1072,12261
8914,92,-1184,12225
8939,136,-1212,12219
8963,-4,-1288,12169
8987,24,-1172,12128
9011,68,-1196,12095
9072,208,-1172,12006
9096,96,-1084,11996
9120,-16,-1172,11966
9144,20,-1164,11924
9167,116,-1116,11911
9192,92,-1132,11908
9216,84,-1148,11864
9240,176,-1192,11826
9264,92,-1152,11799
9287,124,-1284,11758
9312,144,-1088,11709
9338,48,-1148,11689
9363,108,-1056,11647
9387,120,-1116,11606
9410,48,-1140,11562
9442,184,-1168,11518
9466,260,-1056,11471
9490,176,-1012,11406
9513,68,-1056,11373
9538,112,-1152,11342
9600,184,-996,11206
9623,108,-1032,11156
9647,156,-1060,11100
9671,160,-1128,11057
9695,172,-1020,11008
9718,264,-1092,10947
9743,284,-1004,10889
9766,100,-960,10857
9790,124,-980,10806
9815,108,-1016,10757
9838,236,-1060,10705
9863,244,-1044,10670
9886,308,-956,10625
9910,136,-1060,10559
9937,200,-960,10479
9961,184,-900,10424
9985,232,-944,10373
10009,308,-952,10326
10033,204,-976,10268
10056,152,-1048,10207
10119,248,-932,10078
10142,320,-1048,10035
10166,228,-1016,9974
10190,220,-908,9889
10214,196,-960,9823
10237,180,-896,9752
10262,208,-920,9672
10286,300,-956,9619
10309,288,-836,9538
10334,140,-880,9487
10357,268,-964,9434
10381,200,-1056,9365
10405,168,-964,9284
10429,176,-924,9226
10454,256,-872,9186
10477,208,-836,9101
10501,200,-848,9048
10525,304,-880,8987
10552,288,-860,8928
10575,240,-868,8836
10637,280,-1032,8682
10660,272,-940,8656
10685,204,-772,8598
10708,296,-872,8543
10732,132,-984,8488
10757,276,-912,8428
10780,220,-932,8375
10804,152,-896,8324
10840,164,-816,8274
10898,252,-896,8152
10925,144,-892,8101
10948,196,-848,8028
10972,204,-844,8016
10996,200,-784,7977
11020,236,-816,7926
11043,216,-796,7864
11068,284,-984,7819
11091,40,-916,7795
11116,232,-744,7742
11140,144,-888,7677
11201,212,-880,7565
11225,252,-768,7543
11249,144,-860,7488
11276,64,-844,7432
11299,220,-856,7383
11324,292,-852,7324
11347,144,-912,7276
11371,172,-856,7249
11396,240,-924,7175
11419,160,-836,7143
11444,124,-920,7068
11467,116,-796,7058
11491,184,-784,7007
11515,188,-860,6956
11539,124,-824,6901
11563,44,-688,6849
11587,184,-884,6798
11611,80,-764,6758
11634,136,-932,6697
11659,92,-732,6659
11719,224,-792,6532
11744,-32,-704,6495
11767,208,-772,6457
11792,120,-724,6399
11815,160,-732,6369
11839,72,-816,6311
11864,136,-756,6250
11890,228,-832,6220
11914,80,-740,6166
11938,132,-824,6129
11962,148,-756,6104
11985,176,-824,6057
12010,48,-716,6020
12034,40,-784,5977
12057,160,-844,5910
12082,92,-800,5885
12105,116,-820,5824
12129,96,-788,5794
12153,120,-860,5760
12188,132,-752,5689
12249,76,-812,5554
12273,108,-824,5542
12297,128,-756,5496
12320,76,-756,5459
12345,124,-740,5437
12368,96,-700,5375
12392,52,-784,5352
12417,68,-688,5320
12440,84,-720,5253
12464,32,-728,5227
12488,48,-840,5164
12512,128,-664,5132
12538,72,-740,5098
12563,48,-756,5072
12587,48,-728,4998
12610,212,-656,5003
12635,72,-792,4957
12658,72,-720,4902
12682,52,-792,4882
12705,44,-748,4842
12767,100,-876,4742
12791,80,-752,4692
12815,116,-696,4680
12838,72,-808,4654
12863,88,-764,4600
12887,40,-708,4577
12910,100,-764,4523
12934,72,-700,4508
12958,32,-648,4456
12982,-44,-696,4431
13005,12,-672,4400
13030,140,-760,4381
13053,152,-728,4339
13077,0,-772,4315
13102,-76,-636,4289
13125,60,-688,4257
13149,-64,-732,4231
13176,44,-692,4194
13200,76,-740,4161
13224,136,-592,4122
13285,16,-672,4042
13308,60,-580,4010
13333,-84,-716,3994
13357,172,-640,3934
13380,36,-644,3938
13405,60,-652,3913
13428,-24,-716,3893
13452,72,-652,3861
13476,56,-728,3866
13500,-48,-692,3822
13523,32,-596,3826
13558,76,-528,3776
13583,-8,-700,3760
13606,80,-652,3739
13630,-16,-732,3717
13654,4,-756,3697
13678,-56,-696,3674
13702,60,-576,3660
13725,120,-616,3648
13750,-40,-652,3635
13810,112,-640,3587
13835,-44,-656,3550
13858,-28,-564,3540
13885,28,-636,3526
13910,-28,-628,3498
13933,-68,-664,3491
13957,-28,-628,3464
13981,-84,-620,3449
14005,0,-604,3427
14028,4,-568,3411
14053,-16,-604,3401
14076,64,-696,3371
14100,124,-724,3377
14125,92,-736,3348
14148,-40,-620,3320
14172,16,-568,3304
14195,-32,-624,3287
14220,-44,-672,3259
14243,-12,-696,3235
14268,32,-656,3239
14328,-36,-572,3193
14352,40,-724,3182
14376,-20,-568,3149
14400,-8,-612,3145
14424,4,-628,3122
14447,48,-660,3109
14472,-12,-524,3089
14495,-40,-628,3081
14522,-48,-580,3056
14546,0,-592,3075
14570,-16,-580,3031
14594,-44,-660,3044
14618,-88,-648,3021
14642,-40,-552,3006
14665,-12,-540,2975
14690,-124,-580,2977
14713,-24,-628,2966
14737,-48,-644,2930
14761,-36,-560,2934
14785,-104,-512,2907
14846,-48,-696,2866
14870,28,-676,2842
14894,-12,-492,2857
14928,52,-652,2834
14953,-12,-664,2826
14977,-36,-544,2803
15000,64,-660,2806
15025,-40,-568,2771
15048,-24,-604,2772
15072,-12,-624,2758
15096,-60,-572,2744
15120,-104,-604,2719
15148,-28,-560,2704
15171,-24,-576,2680
15195,-52,-476,2675
15219,52,-608,2631
15243,-28,-564,2641
15266,-64,-684,2616
15291,-64,-572,2617
15314,-40,-572,2610
15376,-92,-580,2577
15399,-28,-492,2558
15423,-12,-572,2547
15448,0,-600,2513
15471,16,-536,2503
15495,-40,-548,2505
15518,56,-628,2487
15543,44,-640,2461
15566,-16,-548,2443
15590,-100,-576,2433
15614,-48,-516,2425
15638,-36,-556,2388
15662,-16,-572,2403
15686,-72,-592,2365
15710,28,-576,2343
15733,-100,-612,2330
15758,-88,-452,2327
15784,-48,-496,2322
15808,-56,-652,2317
15833,-8,-500,2301
15893,-52,-524,2252
15917,-52,-624,2249
15941,24,-536,2232
15965,-8,-580,2198
15988,0,-508,2184
16013,-56,-640,2183
16036,4,-676,2174
16060,-16,-568,2166
16083,44,-568,2160
16108,-56,-496,2153
16132,48,-560,2117
16155,-72,-504,2130
16180,-32,-540,2109
16203,-72,-532,2102
16228,-140,-608,2057
16263,36,-516,2034
16286,-88,-532,2030
16311,-8,-544,2015
16334,-16,-540,2010
16358,8,-528,1980
16420,-40,-568,1955
16444,-64,-492,1946
16471,24,-608,1938
16495,-40,-580,1916
16519,-28,-496,1903
16543,-72,-520,1882
16567,-96,-516,1879
16590,40,-544,1874
16615,72,-628,1841
16638,-40,-628,1845
16662,8,-524,1821
16687,24,-616,1806
16710,-44,-472,1761
16734,-40,-524,1741
16758,-36,-536,1753
16782,20,-500,1710
16805,12,-548,1711
16830,52,-504,1710
16854,48,-548,1664
16877,4,-568,1655
16939,36,-480,1597
16962,-16,-576,1585
16987,-24,-540,1584
17010,56,-544,1548
17034,-84,-448,1536
17058,60,-560,1517
17082,-64,-548,1510
17108,-112,-584,1498
17133,-128,-588,1510
17157,-92,-568,1461
17180,-24,-524,1441
17205,0,-572,1420
17228,-76,-500,1407
17252,0,-544,1411
17275,-88,-568,1387
17300,-84,-416,1356
17324,-48,-424,1346
17347,-8,-440,1320
17372,24,-528,1307
17395,44,-504,1276
17457,-24,-600,1236
17481,40,-480,1217
17505,-8,-536,1196
17528,-76,-476,1159
17553,-8,-560,1111
17576,-4,-548,1125
17600,-36,-496,1097
17636,48,-600,1068
17659,-76,-460,1050
17683,20,-464,1069
17708,-104,-464,1011
17731,12,-544,986
17758,8,-524,955
17782,20,-524,960
17806,40,-452,917
17829,132,-460,900
17853,36,-556,880
17878,-12,-492,877
17901,16,-448,858
17925,36,-548,834
17986,-24,-480,786
18010,-44,-536,788
18034,-68,-340,771
18058,-8,-548,747
18081,-60,-428,748
18106,0,-472,720
18129,-40,-412,693
18153,-28,-544,693
18177,132,-536,665
18201,0,-480,661
18225,32,-584,637
18248,64,-540,625
18272,-84,-480,603
18296,0,-468,592
18320,-76,-472,579
18343,-36,-480,554
18368,-32,-524,550
18392,-64,-488,535
18418,-44,-420,509
18443,-32,-544,501
18504,32,-628,458
18528,-8,-496,441
18551,8,-536,458
18576,-36,-672,414
18599,-20,-496,420
18623,36,-588,413
18647,16,-408,391
18671,76,-476,369
18695,28,-520,358
18718,4,-472,354
18743,-8,-496,321
18766,28,-476,328
18790,-56,-536,330
18814,52,-480,309
18838,52,-544,285
18862,96,-520,278
18885,-64,-512,268
18910,4,-484,266
18933,20,-508,229
18968,64,-532,243
19030,-92,-500,226
19054,40,-516,193
19078,8,-536,175
19101,-96,-560,184
19125,56,-564,158
,24,-540,144
19179,12,-512,140
19203,-32,-620,116
19227,32,-452,123
19251,88,-520,126
19274,-28,-528,99
19299,-8,-544,93
19322,-68,-472,99
19346,80,-356,80
19369,20,-476,66
19394,-144,-392,80
19418,-32,-564,49
19441,-72,-444,75
19466,-96,-532,88
19489,-28,-580,83
19551,-12,-552,60
19574,-52,-472,47
19598,-32,-568,71
19622,0,-520,56
19646,-44,-488,64
19670,-28,-568,72
19694,-40,-484,69
19718,-76,-480,47
19741,-16,-572,67
19765,0,-576,35
19789,-24,-476,58
19813,-124,-508,67
19840,-64,-548,51
19864,48,-552,54
19888,-152,-440,74
,-68,-572,56
19949,36,-536,68
19973,-76,-436,56
19997,-56,-576,73
20021,-44,-488,70
20082,-36,-520,59
20106,4,-520,66
20130,-52,-464,76
20154,8,-452,70
20177,-4,-532,49
20201,-64,-496,65
20226,-64,-548,80
20249,-104,-524,64
20273,-24,-552,52
20297,16,-524,52
20321,-24,-596,64
20356,-24,-540,55
20400,-80,-464,67
20423,64,-536,75
20447,32,-452,80
20471,20,-516,66
20495,-40,-588,74
20518,28,-544,72
20543,0,-440,76
20567,-76,-544,56
20659,12,-532,49
20706,-160,-564,77
20752,12,-488,45
20799,48,-520,72
20845,-60,-524,54
20892,-88,-508,64
20917,64,-584,68
20941,12,-476,54
20965,0,-508,61
20988,28,-420,52
21012,60,-512,62
21037,36,-500,74
21060,52,-508,58
21084,68,-508,35
21107,-28,-484,62
21131,-112,-468,88
21155,-100,-428,67
21179,36,-524,74
21202,108,-464,66
21227,-16,-420,61
21288,-24,-580,72
21312,-48,-468,41
21336,0,-424,57
21359,-16,-616,57
21384,20,-488,58
21407,-112,-484,59
21431,40,-460,75
21455,8,-564,82
21482,-64,-472,75
21506,-32,-456,71
21529,8,-444,65
21554,-24,-596,80
21577,28,-524,71
21601,-16,-564,65
21624,-80,-444,67
21649,120,-508,55
21672,-36,-460,64
21696,-80,-448,67
21721,84,-548,65
21744,-40,-508,67
21805,-116,-504,56
21829,72,-496,43
21853,-36,-532,74
21884,-16,-460,60
21908,100,-488,72
21932,-64,-512,83
21955,-28,-608,60
21980,-28,-508,75
22003,-76,-520,52
22027,-76,-600,56
22050,-88,-472,54
22075,-40,-408,75
22098,8,-524,70
22122,4,-564,64
22146,48,-588,73
22173,-100,-444,75
22197,-144,-392,58
22220,52,-436,65
22244,-16,-408,48
22268,-64,-520,51
22329,-124,-464,55
22353,-24,-496,67
22377,-16,-528,57
22401,-28,-512,74
22424,-60,-512,65
22449,-68,-496,61
22472,-28,-492,60
22496,40,-360,53
22520,-4,-452,53
22544,84,-536,82
22567,20,-520,47
22591,16,-548,62
22615,-64,-612,78
22639,-48,-556,66
22663,60,-424,81
22686,-104,-528,61
22711,12,-416,47
22734,-8,-580,64
22758,-60,-480,63
22781,48,-464,56
22843,-60,-496,70
22866,-168,-512,55
22893,-12,-524,72
22917,-100,-596,67
22941,72,-484,71
22965,-28,-620,59
22988,-80,-492,65
23013,-24,-508,73
23036,36,-420,75
23060,-36,-520,58
23084,16,-500,61
23108,56,-472,70
23132,-36,-472,42
23155,-116,-580,70
23179,20,-580,75
23203,32,-452,60
23236,64,-552,59
23261,8,-620,51
23284,-52,-476,61
23308,56,-392,66
23371,-4,-560,63
23395,-32,-460,73
23418,28,-580,69
23443,-24,-484,76
23467,-36,-452,58
23490,-16,-532,80
23514,-120,-568,40
23538,-48,-500,82
23562,0,-468,39
23585,-8,-496,68
23613,-8,-452,67
23636,-20,-500,64
23660,4,-532,48
23684,-84,-520,73
23708,-24,-372,80
23732,56,-484,84
23755,-40,-460,77
23779,-20,-364,70
23803,-8,-600,71
23827,-28,-404,60
23895,-120,-568,58
23918,24,-504,87
23942,-12,-548,62
23965,-52,-616,73
23989,-24,-516,80
24013,-28,-448,74
24037,-20,-596,76
24060,-108,-536,66
24084,-16,-560,55
24109,12,-560,57
24132,-72,-408,60
24156,-16,-552,68
24179,-24,-564,63
24204,-44,-540,35
24227,68,-500,48
24251,-52,-444,43
24274,52,-408,37
24301,-44,-600,71
24326,-24,-592,82
24349,-24,-560,61
24411,92,-504,64
24434,96,-572,46
24458,-16,-580,78
24481,0,-488,74
24506,32,-512,49
24529,-96,-512,47
24553,36,-600,68
24577,-68,-448,58
24601,16,-480,38
24633,40,-484,59
24656,-44,-564,66
24680,0,-356,43
24704,-76,-480,77
24728,-112,-492,76
24752,-28,-560,37
24775,-12,-544,81
24799,8,-408,50
24823,-12,-416,61
24847,-44,-588,77
24870,-52,-468,57
24931,-64,-528,71
24955,84,-568,51
24979,-36,-476,65
25003,12,-516,65
25026,-80,-564,61
25054,-28,-428,51
25077,-80,-508,73
25101,40,-480,66
25124,24,-548,87
25148,-28,-496,56
25172,16,-508,55
25196,-64,-500,43
25220,40,-464,66
25243,-16,-452,70
25268,88,-432,68
25291,-140,-512,74
25315,24,-476,71
25338,16,-584,63
25362,4,-476,61
25385,28,-424,73
25447,-44,-492,67
25470,24,-548,55
25495,-36,-560,52
25519,-92,-608,53
25542,-20,-524,66
25566,-40,-476,55
25590,4,-544,79
25614,32,-500,58
25637,-40,-572,55
25661,60,-560,49
25684,-8,-468,50
25709,8,-488,63
25733,32,-576,48
25759,-64,-500,79
25783,0,-532,55
25807,16,-580,71
25831,-24,-512,63
25854,16,-572,65
25878,-12,-436,63
25903,-76,-516,44
25963,-52,-520,74
25987,32,-436,53
26018,-56,-496,76
26042,40,-452,74
26066,-76,-480,77
26090,-28,-560,80
26114,-56,-428,72
26137,0,-500,50
26161,12,-516,61
26185,20,-448,70
26209,-64,-444,62
26232,72,-504,63
26256,-24,-436,47
26280,-32,-424,79
26304,-8,-556,49
26328,-36,-508,57
26351,96,-492,56
26376,-72,-464,79
26399,-104,-628,67
26423,4,-516,57
26484,16,-524,75
26506,8,-500,72
26529,-104,-556,79
26553,12,-440,62
26577,-96,-404,78
26601,-68,-472,67
26625,-4,-556,51
26648,116,-564,49
-56,4016,-126
26711,-248,-1084,345
26734,-484,436,14
26758,-1076,-1312,270
26782,-2456,-4428,249
26806,44,768,339
26829,-400,-1368,286
26854,-1100,-720,366
26877,-288,-964,382
26901,8,-636,437
26926,104,-780,486
26949,44,-556,541
27010,40,-1052,796
27034,-88,-616,860
27058,52,-984,923
27081,208,-1328,982
27105,-112,-772,1014
27129,-332,-856,1074
27156,-1168,-880,1281
27181,-572,-960,1375
27204,-32,-1048,1518
27228,-336,-848,1677
27252,92,-776,1849
27276,160,-472,2006
27299,-412,1612,2118
27324,16,-560,2274
27347,-268,-1756,3026
27372,380,-824,2972
27515,0,-1124,3057
27539,-696,-2708,2475
27563,-308,-1260,2690
27587,656,12,2647
27649,-420,204,3385
27672,-76,-664,3449
27696,92,-420,3537
27720,76,-384,3613
27744,-72,-368,3701
27767,-192,-828,3862
27792,-396,-636,4067
27815,-484,-232,4266
27840,-200,-408,4387
27864,52,-692,4541
27890,-204,-468,4620
27915,-44,-596,4698
27938,412,-468,4736
27963,-440,-736,4713
27986,-472,-16,4695
28010,232,-744,4647
28035,-240,-672,4636
28058,140,-56,4577
28082,-12,-404,4494
28106,-652,-688,4465
28167,408,-16,4643
28191,-12,-692,4378
28215,-160,-660,4311
28238,-176,-148,4200
28263,344,-872,4122
28286,1136,-200,4226
28310,-856,-172,4243
28335,-304,-428,4072
28358,-348,-240,3990
28382,-208,-488,3981
28406,-112,-740,4018
,-24,-548,4081
28456,276,232,3977
28481,-508,112,3956
28505,1220,-800,4188
28532,48,-916,4227
28556,-240,-1996,4297
28579,152,-392,4173
28604,-148,-436,4098
28627,-228,-476,4095
28689,304,-180,3984
28712,280,-848,3893
28737,440,-472,3762
28761,-68,-668,3738
28784,176,204,3566
28809,132,-1544,3559
28832,-984,2652,2946
28856,88,-832,3317
28892,228,-944,3305
28915,96,-144,3156
28939,4,-376,3094
28962,424,-380,2805
28987,100,-580,2957
29010,68,-616,2891
29034,-408,-372,2829
29059,-276,-608,2872
29082,44,-44,2727
29107,368,-1644,2824
29268,416,48,2795
29296,308,-1568,2884
29357,-132,-344,3041
29381,228,-1040,3036
29405,196,-1072,2990
29428,120,-1276,2893
29453,200,-664,2852
29476,168,-576,2679
29500,292,-596,2566
29524,-1420,1076,2547
29677,240,-888,2728
29701,-244,-680,2726
29724,112,-1180,2551
29749,416,-1580,2457
29772,100,-1328,2372
29796,400,-1168,2178
29820,480,-1608,1993
29844,-80,-1100,1762
