time,AcX,AcY,GyZ
485,132,-292,-251
506,640,-480,-303
527,764,444,-72
548,1584,-820,711
570,1412,-1780,229
590,820,-844,-242
650,948,-584,-246
671,936,-332,-494
693,1160,-1088,-427
713,664,-964,-397
735,468,-352,-327
756,676,-508,-331
777,1160,-1104,-765
798,964,-652,-1207
820,128,-860,-420
841,828,-468,-460
862,900,-988,-486
883,836,-620,-485
905,736,-924,-515
925,676,-392,-500
947,604,-868,-485
968,1040,-764,-445
989,920,-760,-451
1010,700,-704,-426
1032,1024,-748,-432
1052,968,-656,-453
1115,808,-780,-376
1136,676,-624,-367
1157,636,-740,-329
1178,348,-1100,-198
1200,1116,-920,-295
1221,920,-456,-224
1242,340,-788,-188
1263,1056,200,-130
1285,984,-976,-139
1305,1064,-840,-186
1327,-112,24,-192
1348,1364,-1056,-160
1370,876,28,-149
1390,740,-596,-148
1412,968,-972,-297
1433,1132,-768,-124
1454,1040,-940,-167
1475,432,-540,-127
1497,752,-488,-100
1518,944,-904,-76
1576,872,-892,-17
1597,848,-880,-13
1618,804,-900,53
1640,1172,-1548,24
1660,948,-1528,72
1682,600,-636,39
1718,612,-1000,30
1739,832,-1268,-316
1761,864,-140,1
1781,900,-636,39
1803,760,-1020,-12
1824,912,-896,-47
1845,956,-968,-54
1866,896,-836,-104
1888,932,-928,-159
1908,724,-1108,-203
1930,800,-684,-232
1951,924,-1244,-262
1973,1020,-888,-365
1993,704,-1020,-388
2053,700,-380,-412
2073,848,-740,-407
2095,884,-804,-369
2116,896,-664,-377
2137,972,-872,-351
2158,652,-664,-363
2180,852,-712,-339
2200,900,-748,-325
2222,572,-740,-325
2243,616,-656,-322
2265,576,-628,-333
2285,544,-608,-294
2310,856,-420,-307
2331,708,-524,-285
2353,612,-664,-257
2373,704,-596,-239
2395,632,-616,-244
2416,768,-708,-209
2437,764,-548,-185
2458,676,-628,-198
2516,836,-584,-141
2538,732,-584,-136
2560,696,-640,-122
2581,692,-520,-106
2601,844,-652,-106
2623,716,-520,-99
2644,520,-436,-46
2665,840,-496,-68
2686,864,-600,-49
2708,776,-556,-48
2728,932,-724,-44
2750,712,-660,1
2771,764,-336,10
2792,1168,-568,42
2813,836,-328,63
2834,940,-860,65
2855,616,-564,102
2877,732,-660,79
2913,748,-748,71
2934,780,-644,88
2993,768,-560,56
3013,800,-628,56
3035,392,-324,89
3055,848,-728,58
3077,892,-612,78
3098,776,-692,58
3119,876,-680,61
3140,736,-640,61
3162,1004,-560,86
3182,928,-732,59
3204,660,-664,61
3224,824,-712,60
3246,944,-892,52
3267,872,-860,57
3288,404,-728,87
3309,868,-836,127
3331,504,-800,153
3351,1208,-164,136
3373,836,-740,193
3394,1060,-728,223
3452,752,-1208,274
3474,804,-892,317
3494,976,-1124,314
3516,644,-808,339
3537,636,-912,376
3558,452,-652,377
3582,772,-672,399
3604,844,-1072,368
3624,960,-744,399
3646,884,-604,395
3667,820,-660,421
3688,872,-868,398
3709,1032,-1224,379
3743,2472,-1528,350
3764,984,-936,398
3785,840,-996,401
3807,832,-1184,403
3827,952,-1012,403
3849,788,-964,369
3870,796,-700,368
3929,812,-684,337
3950,576,-660,352
3971,552,-632,300
3992,660,-700,333
4014,692,-552,329
4034,900,-652,295
4056,796,-600,302
4077,892,-856,292
4098,884,-920,283
4119,980,-512,240
4141,848,-696,272
4173,920,-796,233
4198,840,-672,257
4218,864,-648,200
4240,764,-660,185
4261,864,-648,197
4282,712,-712,216
4303,888,-616,179
4324,852,-688,178
4345,788,-640,185
4404,908,-608,132
4424,832,-676,118
4446,776,-668,123
4467,840,-584,123
4488,908,-636,87
4509,880,-648,83
4530,768,-728,61
4551,840,-600,79
4572,844,-608,57
4593,840,-684,65
4615,872,-688,57
4635,832,-796,66
4657,796,-720,72
4677,812,-568,62
4699,700,-640,49
4720,808,-664,64
4741,800,-748,58
4762,800,-696,94
4783,732,-568,54
4804,820,-680,63
4866,876,-652,71
4887,772,-564,70
4908,864,-628,53
4929,768,-724,60
4950,924,-772,47
4971,824,-664,84
4993,920,-640,69
5013,748,-584,58
5035,848,-676,68
5055,816,-684,54
5076,772,-764,78
5098,768,-776,68
5118,780,-700,51
5140,892,-764,55
5161,960,-660,73
5182,828,-680,76
5203,896,-632,58
5224,792,-640,54
5245,768,-668,63
5267,832,-708,61
5324,820,-708,51
5346,764,-732,69
5367,848,-676,66
5400,760,-764,73
5421,824,-608,45
5442,916,-732,79
5464,900,-696,79
5484,844,-636,87
5506,836,-652,54
5524,840,-560,54
5545,720,-720,62
5566,908,-636,50
5587,748,-664,62
5609,920,-668,55
5629,796,-716,60
5651,728,-744,68
5671,724,-696,62
5693,860,-684,45
5714,812,-644,44
5735,788,-596,55
5793,900,-564,57
5815,756,-640,80
5836,824,-708,46
5857,776,-696,67
5878,820,-668,58
5899,784,-716,55
5920,924,-636,58
5942,760,-652,46
5962,848,-744,45
5984,832,-656,66
6005,940,-668,78
6026,780,-604,64
6047,764,-728,82
6068,800,-604,65
6089,884,-700,68
6111,772,-632,60
6131,836,-628,56
6156,792,-560,56
6177,860,-652,58
6198,896,-800,58
6256,804,-692,61
6278,832,-644,64
6298,848,-632,42
6320,800,-652,71
6340,908,-644,39
6362,808,-632,60
6382,948,-688,44
6404,864,-656,53
6425,844,-644,78
6446,780,-656,82
6467,928,-652,62
6488,876,-680,53
6509,824,-672,81
6531,884,-672,84
6551,828,-716,60
6573,812,-660,78
6605,840,-692,58
6627,868,-688,74
6647,900,-684,64
6669,816,-660,71
6727,752,-720,64
6749,912,-700,72
6769,768,-672,57
6791,700,-692,57
6811,744,-736,66
6836,836,-616,49
6857,732,-716,55
6878,808,-700,49
6899,820,-648,44
6921,844,-732,58
6941,848,-676,83
6963,904,-696,76
6983,856,-632,66
7005,916,-660,76
7026,824,-612,85
7047,772,-684,66
7068,840,-800,57
7089,824,-640,76
7110,824,-748,59
7132,844,-796,49
7189,768,-684,68
7211,22444,5304,247
25365,696,-204,47
25385,680,-724,64
25407,708,-812,78
25427,776,-640,77
25449,1164,-1044,69
25470,948,-984,53
25491,888,-820,22
25512,764,-876,19
25533,740,-336,75
25554,1420,-940,-148
25576,616,-136,-192
25601,556,-1632,39
25621,780,344,17
25643,616,108,37
25663,1268,-1844,67
25684,100,228,-69
25706,2980,-2180,13
25726,-2176,-676,-291
25786,956,-88,37
25807,304,-1348,-15
25828,1164,-1664,47
25849,368,-276,55
25871,948,-808,59
25891,548,-416,44
25913,1524,-1460,45
25934,1044,-724,63
time,AcX,AcY,GyZ
443,820,-936,-362
463,592,-488,226
485,448,-936,297
505,524,-828,327
527,888,-792,369
547,812,-868,389
880,2224,2908,148
902,2360,-1904,-238
923,308,-1360,-141
944,628,-700,-137
968,920,-1340,-159
1035,780,-736,-54
1056,808,-756,-47
1078,864,-848,-44
1098,736,-884,-22
1120,808,-804,-33
1140,848,-804,-14
1162,916,-748,25
1183,876,-1140,18
1204,1156,-196,37
1225,1116,-636,55
1246,980,-416,63
1267,708,-920,61
1289,844,-756,64
1309,912,-600,51
1331,712,-516,61
1351,868,-736,51
1373,712,-780,62
1393,772,-624,59
1415,832,-544,55
1436,712,-652,63
1496,812,-660,66
1517,752,-732,54
1538,804,-700,76
1559,840,-628,65
1580,860,-576,62
1601,752,-636,64
1623,736,-664,58
1646,788,-664,57
1668,712,-708,66
1688,772,-624,58
1710,732,-560,69
1731,784,-676,73
1752,776,-776,50
1773,836,-672,54
1794,764,-764,52
1815,768,-636,59
1837,840,-648,85
1857,796,-644,80
1879,768,-676,58
1900,724,-664,63
1957,832,-676,53
1991,812,-708,72
2013,708,-644,65
2033,904,-628,59
2055,788,-712,60
2075,820,-636,63
2097,776,-584,92
2118,660,-688,64
2139,840,-668,52
2160,716,-688,70
2181,720,-688,59
2202,764,-616,56
2224,736,-588,64
2244,784,-592,53
2266,820,-732,59
2289,800,-644,86
2311,732,-628,52
2332,812,-588,52
2353,776,-740,56
2374,940,-648,60
2433,740,-592,60
2454,716,-684,48
2475,748,-632,72
2496,788,-692,66
2516,924,-732,95
2538,744,-700,69
2560,896,-740,53
2580,744,-632,74
2601,652,-724,79
2623,728,-632,56
2643,860,-740,50
2665,800,-584,70
2685,756,-672,78
2707,732,-664,52
2728,856,-664,71
2749,780,-724,50
2770,728,-716,50
2791,804,-624,79
2812,752,-552,70
2834,864,-732,56
2891,900,-640,65
2913,804,-576,62
2934,824,-688,48
2955,876,-664,54
2979,804,-604,67
3001,852,-700,55
3021,776,-644,88
3043,760,-700,75
3063,744,-600,51
3085,848,-708,62
3106,776,-560,45
3127,736,-372,25
3161,892,-780,-14
3181,996,-672,40
3203,744,-712,16
3223,1072,-420,45
3245,656,-800,65
3266,924,-572,65
3287,712,-624,65
3308,884,-764,59
3366,868,-608,62
3388,696,-772,73
3408,768,-640,75
3430,772,-660,64
3450,824,-624,61
3472,816,-772,52
3493,844,-624,58
3514,856,-704,52
3535,772,-608,50
3556,780,-652,74
3577,748,-780,66
3599,720,-608,58
3622,724,-648,64
3644,772,-748,47
3665,972,-636,46
3686,852,-768,54
3707,720,-732,82
3729,972,-644,68
3749,1056,-632,90
3771,556,-532,64
3829,568,-1204,69
3850,704,-576,8
3871,740,-256,47
3892,648,-696,68
3913,760,-904,60
3934,832,-796,65
3955,856,-416,65
3977,756,-708,61
3997,792,-664,51
4019,748,-844,44
4040,236,-276,36
4061,812,-672,60
4082,780,-660,76
4103,1028,-872,83
4124,1488,-968,46
4146,1524,-72,60
4166,-1504,-1060,-39
4188,1672,-536,49
4209,824,-700,23
4230,488,-324,47
4291,1060,-928,-39
4313,360,-568,24
4334,1196,-744,-2
4355,936,-1244,35
4388,688,-560,4
4410,964,-812,-32
4430,1120,-544,-76
4452,1616,-668,-92
4473,776,-72,-51
4494,1248,-436,-97
4515,-184,-1032,-110
4537,784,-1048,-131
4557,568,-308,-182
4579,648,-32,-192
4600,548,-332,-194
4621,620,-428,-147
4642,372,-492,-205
4664,652,-716,-186
4685,628,-852,-169
4706,1384,-720,-229
4764,256,-1084,-209
4786,188,-688,-188
4807,364,-496,-187
4828,952,-672,-133
4849,228,-1216,12
4871,1004,-604,-138
4894,424,-288,-57
4916,304,-448,11
4937,2084,-408,68
4958,356,-252,139
4979,728,-644,120
5000,876,-476,134
5021,-20,-768,133
5043,648,-412,148
5063,2784,-696,60
5085,212,-380,-51
5105,-504,-1300,-212
5127,992,-668,-316
5148,1112,-1224,-350
5170,516,-216,-343
5228,1400,-1340,-497
5250,804,-904,-538
5270,1276,-244,-566
5292,528,-1096,-609
5313,752,-1112,-605
5334,172,-1252,-557
5355,-580,-1408,-734
5377,960,-252,-912
5397,1028,-464,-737
5419,12,-644,-797
5440,268,-944,-605
5462,244,-284,-616
5485,528,-640,-772
5507,736,-296,-751
5528,1120,-584,-566
5550,-568,-1068,-448
5586,-1920,2612,-167
5608,312,-4356,-213
5628,736,1904,-330
5650,500,-1236,-187
5708,552,-556,-500
5730,396,-496,-481
5751,880,-604,-535
5772,480,-496,-514
5793,332,-804,-367
5815,692,-788,-222
5836,336,-1100,-136
5857,292,-296,67
5878,488,-1036,307
5900,304,-1036,-129
5920,172,-596,134
5942,-32,-1368,299
5963,948,-1340,112
5984,772,-424,523
6005,1272,-1340,547
6027,468,-308,672
6047,-104,-872,644
6072,516,-1288,549
6093,852,-1028,444
6114,1488,-576,342
6173,424,-1200,70
6194,960,-1148,5
6215,592,-1128,-71
6237,12,-1480,-76
6257,200,-1264,-153
6279,1256,-2016,-295
6300,356,-856,-244
6321,-64,-836,-155
6342,528,-716,45
6364,1020,-900,253
6384,964,-1824,342
6406,256,-1092,476
6427,324,-752,504
6449,396,-556,635
6469,384,-516,765
6491,412,-468,845
6511,40,-2256,965
6533,884,-732,1075
6554,1104,-532,1139
6575,916,-1516,1135
6634,716,-952,991
6654,312,-496,861
6676,872,-1096,698
6701,-44,-1260,502
6722,460,-1352,495
6743,928,-824,392
6764,992,-1652,160
6786,544,-1196,61
6818,460,-1376,-82
6840,448,-1260,-16
6861,44,-1292,63
6882,440,-764,176
6903,516,-636,208
6924,36,-992,268
6945,524,-1000,304
6967,620,-1088,286
6987,576,-868,250
7009,492,-1104,239
7030,724,-988,223
7051,636,-964,176
7110,432,-680,209
7131,112,-904,164
7152,740,-1088,189
7174,-800,-76,5
7194,3312,-1164,90
7216,1108,-1128,11
7237,484,-792,-83
7258,628,-1056,-133
7279,692,-984,-119
7304,684,-852,-91
7324,472,-1244,-56
7346,476,-876,-2
7367,516,-732,68
7388,924,-1148,76
7409,648,-1540,49
7430,832,-604,48
7451,440,-1148,48
7473,320,-1256,6
7493,292,-856,-10
7515,952,-1232,-26
7573,888,-1328,-113
7595,736,-1460,-130
7616,944,-1172,-153
7636,12,-1420,-81
7658,520,-808,-79
7680,820,-1264,-98
,296,-1632,77
7725,332,-928,48
7745,624,-576,-95
7767,880,-1068,-143
7788,440,-936,-120
7809,536,-808,-135
7830,704,-1124,-158
7852,840,-776,-156
7872,888,-908,-150
7894,1408,-764,-107
7918,600,-632,-89
7940,824,-788,-106
7960,628,-452,-76
7982,688,-688,-39
8040,812,-660,-34
8076,788,-620,-21
8097,856,-624,-19
8118,752,-596,-26
8139,724,-684,-23
8161,676,-680,8
8181,860,-740,13
8203,596,-652,9
8223,984,-800,-8
8245,700,-672,6
8266,612,-648,20
8287,788,-776,23
8308,780,-596,30
8330,688,-616,18
8350,808,-740,31
8372,716,-608,37
8392,660,-688,59
8414,832,-720,53
8435,664,-584,74
8456,792,-688,64
8515,868,-588,61
8555,716,-652,47
8577,852,-680,70
8597,748,-620,72
8637,724,-704,52
8657,748,-604,42
8679,756,-620,90
8700,768,-756,59
8721,716,-732,52
8742,808,-688,65
8764,652,-628,49
8784,652,-680,75
8806,700,-644,43
8827,816,-632,77
8848,708,-752,46
8869,848,-736,56
8890,748,-704,64
8911,796,-696,59
8933,844,-612,56
8953,816,-660,51
9020,736,-636,66
9041,712,-700,80
9062,724,-632,60
9083,756,-660,78
9104,760,-672,61
9125,760,-640,66
9147,748,-684,63
9167,844,-728,50
9189,804,-628,72
9209,688,-608,67
9231,796,-604,59
9252,5172,-20808,-959
9277,6824,-8068,398
9311,-752,3456,13
9331,928,1904,246
9353,280,260,125
9374,1416,-1488,283
9395,-188,1068,254
9416,188,524,309
9438,344,164,256
9496,604,280,291
9517,996,-344,270
9538,720,-56,265
9560,1008,168,246
9580,1100,-448,235
9602,1112,-884,198
9623,1044,-1124,201
9644,648,-820,188
9665,620,-340,195
9687,776,-548,191
9707,832,-684,169
9729,760,-752,161
9750,908,-816,157
9771,692,-484,127
9792,784,-400,130
9814,820,-700,108
9834,768,-708,111
9856,796,-744,97
9877,720,-552,92
9901,784,-420,81
9959,752,-644,58
9980,784,-592,71
10001,864,-548,52
10022,764,-596,67
10043,804,-688,66
10064,828,-700,86
10086,796,-536,67
10106,776,-640,54
10128,756,-604,41
10149,780,-620,63
10170,836,-580,57
10191,892,-548,73
10212,812,-660,62
10233,828,-704,39
10255,844,-660,79
10275,932,-600,64
10297,804,-584,86
10318,860,-632,61
10339,796,-684,76
10360,788,-612,70
10419,784,-512,67
10440,784,-600,62
10461,848,-688,59
10482,788,-552,78
10504,844,-640,55
10524,688,-632,55
10560,740,-660,72
10582,736,-548,47
10603,784,-652,63
10624,816,-600,56
10645,828,-744,52
10667,828,-660,35
10687,772,-576,67
10708,788,-688,58
10730,776,-576,54
10750,876,-560,83
10772,760,-652,63
10792,684,-576,40
10814,788,-684,77
10835,596,-644,44
10893,820,-736,87
10914,748,-548,56
10936,768,-676,60
10956,824,-624,66
10978,648,-616,51
10999,704,-592,48
11020,844,-636,59
11041,736,-536,63
11062,672,-584,82
11083,764,-644,59
11105,800,-568,70
11125,724,-560,45
11147,712,-568,64
11170,800,-640,70
11192,704,-488,56
11213,768,-612,67
11234,752,-560,55
11255,792,-612,60
11276,796,-548,64
11297,724,-588,60
11356,840,-564,73
11377,716,-560,73
11398,968,-676,59
11419,744,-564,51
11441,800,-680,81
11461,732,-716,78
11483,752,-520,63
11504,764,-552,64
11525,812,-640,71
11546,740,-672,51
11567,772,-588,72
11588,804,-568,73
11610,628,-2068,37
11630,376,-1160,115
11652,2264,-1572,176
11673,1144,-448,97
11695,96,-1196,73
11715,1028,-1020,121
,996,-504,102
11772,748,728,87
11835,768,40,63
11855,812,-864,50
11877,832,-1184,55
11898,1044,-1464,57
11919,916,-1552,55
11940,612,-264,67
11962,584,308,86
11982,680,-240,75
12004,896,-1028,78
12024,920,-1280,69
12046,824,-720,48
12067,628,-292,32
12088,776,-392,64
12109,860,-800,52
12131,820,-708,38
12151,1048,-532,16
12173,796,-736,32
12194,748,-404,55
12215,744,-372,73
12236,756,-512,56
12295,732,-520,63
12316,920,-356,73
12337,928,-440,98
12358,852,-496,115
12379,892,-300,120
12400,980,-392,108
12425,600,-1068,134
12446,344,-1780,150
12467,172,-900,176
12488,-40,-616,203
12510,924,468,179
12530,1036,288,174
12552,1140,584,158
12573,1036,-540,132
12594,816,-976,90
12615,776,-1808,106
12637,1056,-1900,136
12657,1072,-1252,126
12679,940,-488,119
12700,632,540,149
12759,780,-1372,169
12780,768,-1696,187
12802,568,-1220,183
12822,808,-128,173
12844,680,260,113
12865,764,64,49
12886,664,-924,5
12907,716,-1084,19
12929,884,-1140,34
12949,996,-920,30
12982,656,-492,10
13003,916,-560,12
13028,1120,-696,-48
13049,1012,-868,-53
13070,984,-880,-96
13091,876,-588,-158
13113,848,-468,-274
13134,1064,-492,-409
13155,1072,-488,-613
13176,1020,-476,-786
13235,492,-1000,-920
13256,40,-460,-884
13278,1444,-1852,-1078
13299,792,-728,-967
13320,-604,1124,-164
13341,-1496,400,1298
13363,-2832,-1244,3081
13384,-2628,-1980,5055
13406,-2348,-2192,6953
13426,-2312,-1236,8868
13448,-2136,-272,10651
13469,-1960,-676,12345
13491,-1972,-1652,14081
13512,-2548,-2424,16027
13534,-3336,-2436,18374
13558,-3848,-2128,21526
13580,-4208,-3156,24605
13600,-4724,-4168,27968
13622,-4648,-5208,31426
13643,-4928,-6236,32767
13703,-6580,-7708,32767
13724,-7124,-11212,32767
13746,-3868,-13008,32767
13767,-3604,-14952,32767
13788,-2972,-14404,32767
13809,-2796,-15404,32767
13831,996,-18828,32767
13852,-80,-18176,32767
13874,2560,-17248,32767
13895,5524,-25792,32767
13917,92,-13160,32767
13938,4952,-16884,32767
13959,-928,-16688,32767
13980,2612,-16112,32767
14002,2040,-17672,32767
14026,3648,-16176,32767
14048,1284,-16356,32767
14069,2440,-15848,32767
14091,1196,-16432,32767
14112,1768,-16332,32767
14171,1484,-16596,32767
14204,2268,-15772,32767
14226,1472,-16496,32767
14246,1572,-16060,32767
14268,1740,-16020,32767
14289,2212,-16148,32767
14311,1792,-16176,32767
14332,2004,-15900,32767
14354,1896,-15708,32767
14375,1864,-15672,32767
14397,1948,-15756,32767
14418,1924,-15292,32767
14439,1644,-15452,32767
14460,1272,-15160,32767
14482,1360,-15124,32767
14503,1884,-15148,32767
14528,1936,-15088,32767
14550,1480,-14964,32767
14571,1100,-14604,32767
14593,1576,-14684,32767
14651,1632,-14456,32767
14672,1712,-14340,32767
14694,1512,-13936,32767
14715,1576,-13976,32767
14736,1600,-13808,32767
14757,1384,-13944,32767
14779,1644,-13904,32767
14800,1616,-13612,32767
14822,1516,-13408,32767
14843,1364,-13472,32767
14865,1376,-13456,32767
14885,1500,-13508,32767
14907,1584,-13580,32767
14928,1600,-13604,32767
14950,1496,-13392,32767
14971,1384,-13428,32767
14996,1552,-13280,32767
15017,1424,-13340,32767
15039,1576,-13332,32767
15059,1112,-13412,32767
15119,1568,-13212,32767
15140,1760,-13308,32767
15162,1588,-13136,32767
15182,1480,-13044,32767
15204,1620,-12864,32767
15225,1620,-12960,32767
15247,1748,-12984,32767
15268,1420,-12844,32767
15290,1552,-12844,32767
15311,1464,-12652,32767
15333,1704,-12636,32767
15354,1584,-12640,32767
15375,1604,-12476,32767
15409,1292,-12280,32767
15430,1480,-12160,32767
15452,1820,-11848,32767
15473,1184,-11804,32767
15498,884,-11832,32767
15518,1160,-11780,32767
15540,1408,-11952,32767
15599,1516,-11364,32767
15621,1556,-11244,32767
15642,1692,-11352,32767
15664,1368,-11220,32767
15685,1320,-11148,32767
15706,1404,-11040,32767
15727,1540,-11096,32767
15749,1336,-10884,32767
15770,1352,-10920,32767
15792,1404,-10812,32767
15813,1512,-10864,32767
15835,1392,-10816,32767
15856,1468,-10732,32767
15878,1328,-10704,32767
15898,1580,-10680,32767
15920,1392,-10708,32767
15941,1464,-10916,32767
15966,1636,-10640,32767
15987,1464,-10660,32767
16009,1476,-10688,32767
16067,1488,-10660,32767
16089,1212,-10532,32767
16110,1464,-10556,32767
16132,1488,-10484,32767
16153,1504,-10556,32767
16174,1432,-10520,32767
16195,1452,-10244,32767
16217,1480,-10172,32767
16238,1636,-10368,32767
16260,1524,-10424,32767
16281,1432,-10300,32767
16303,1344,-10132,32767
16323,1400,-10112,32767
16345,1264,-10080,32767
16366,1272,-10156,32767
16388,1404,-10068,32767
16409,1612,-9800,32767
16431,1700,-9940,32767
16455,1224,-9608,32767
16477,1280,-9716,32767
16535,1136,-9696,32767
16557,1216,-9688,32767
16578,1276,-9436,32767
16600,1152,-9188,32767
16632,1256,-9272,32767
16654,1436,-9188,32767
16675,1364,-9216,32767
16697,1180,-9072,32767
16718,1236,-9040,32767
16740,1268,-8908,32767
16760,1344,-8928,32767
16782,1160,-8820,32767
16803,1160,-8824,32767
16825,1144,-8828,32767
16846,1264,-8780,32767
16868,1304,-8636,32767
16889,1416,-8776,32767
16910,1512,-8640,32767
16931,1464,-8596,32767
16956,1160,-8672,32767
17014,1360,-8484,32767
17036,1224,-8604,32767
17057,1344,-8632,32767
17078,1404,-8624,32767
17099,1524,-8492,32767
17121,1392,-8476,32767
17142,1336,-8456,32767
17164,1368,-8504,32767
17185,1384,-8328,32767
17206,1332,-8488,32767
17227,1368,-8396,32767
17249,1340,-8308,32767
17270,1480,-8360,32767
17291,1460,-8316,32767
17312,1300,-8236,32767
17334,1276,-8300,32767
17355,1236,-8148,32767
17377,1256,-8128,32767
17398,1384,-8140,32767
17419,1464,-8152,32767
17486,1412,-8020,32767
17508,1184,-7956,32767
17529,1268,-7928,32767
17551,1392,-7880,32767
17572,1380,-7712,32767
17593,1304,-7724,32767
17614,1564,-7652,32767
17636,1296,-7472,32767
17657,796,-7420,32767
17679,1008,-7288,32767
17700,1256,-7448,32767
17722,1268,-7552,32767
17743,1096,-7248,32767
17764,1192,-7176,32767
17785,996,-7308,32767
17807,1192,-7164,32767
17828,1204,-7116,32767
17862,1212,-6956,32767
17883,1068,-6780,32767
17904,1108,-6924,32767
17964,1156,-6844,32767
17985,1148,-6672,32767
18010,1112,-6716,32767
18031,1156,-6740,32767
18052,1180,-6708,32767
18073,1232,-6648,32767
18095,1200,-6660,32767
18116,1192,-6596,32767
18138,1140,-6632,32767
18158,1180,-6576,32767
18180,1164,-6520,32767
18201,1304,-6612,32767
18223,1164,-6524,32767
18244,1156,-6636,32767
18266,1180,-6516,32767
18286,1176,-6596,32767
18308,1272,-6528,32767
18329,1196,-6596,32767
18351,1164,-6456,32767
18372,1152,-6456,32767
18430,1176,-6512,32767
18452,1368,-6300,32767
18473,1408,-6524,32767
18498,1180,-6496,32767
18519,1096,-6460,32767
18540,1220,-6368,32767
18562,1340,-6452,32767
18583,1312,-6400,32767
18605,1156,-6516,32767
18626,1232,-6268,32767
18674,1116,-6280,32767
18698,1172,-6188,32767
18719,1168,-6212,32767
18741,1180,-6340,32767
18762,1248,-6124,32767
18784,1176,-6216,32767
18804,1056,-6100,32767
18826,1132,-6224,32767
18847,1180,-6200,32767
18869,1260,-5976,32767
18927,1344,-5940,32767
18949,1344,-6092,32767
18970,1136,-5884,32767
18992,808,-5696,32767
19016,964,-5844,32767
19038,1336,-6132,32767
19059,1180,-5860,32725
19092,844,-5500,32567
19113,896,-5768,32509
19135,964,-5708,32417
19155,1044,-5716,32340
19177,1032,-5460,32244
19198,1156,-5372,32166
19220,1224,-5700,32098
19241,1160,-5488,32035
19263,1000,-5404,31946
19284,1076,-5312,31890
19306,1112,-5348,31810
19326,1008,-5428,31744
19348,944,-5232,31689
19407,1060,-5200,31499
19429,1160,-5268,31435
19449,1048,-5260,31408
19471,1032,-5212,31334
19492,1104,-5148,31299
19514,1092,-5168,31219
19538,1168,-5244,31173
19560,1144,-5088,31129
19580,1132,-4988,31093
19602,1304,-5048,31027
19623,1188,-5164,30972
19645,1388,-4940,30890
19666,1140,-5036,30866
19688,1224,-5152,30805
19708,1212,-5128,30763
19730,1256,-5116,30743
19751,968,-5016,30677
19773,1160,-5100,30643
19794,988,-5176,30596
19816,1072,-5028,30553
19874,1208,-5080,30439
19896,1080,-5112,30396
19917,1004,-5024,30321
19939,1108,-5088,30234
19960,1272,-5004,30194
19981,1320,-4968,30147
20002,1172,-4968,30097
20027,1128,-5028,30026
20048,1260,-4872,29956
20070,1232,-4980,29913
20091,1196,-5064,29862
20113,1020,-4968,29788
20134,1012,-4956,29726
20155,976,-4952,29696
20176,1060,-4760,29614
20198,1136,-4960,29552
20219,1112,-4976,29485
20241,1132,-4960,29439
20262,1068,-4824,29374
20295,1104,-4860,29287
20354,1144,-4796,29129
20375,1112,-4656,29042
20397,1028,-4676,29002
20418,1016,-4664,28911
20439,1008,-4856,28844
20460,968,-4816,28781
20482,1048,-4696,28713
20503,1044,-4316,28623
20525,956,-4452,28542
20548,716,-4456,28455
20570,1016,-4660,28380
20591,1172,-4628,28313
20613,1232,-4464,28227
20634,1044,-4192,28155
20656,912,-4496,28058
20676,988,-4460,28015
20698,1024,-4296,27960
20719,1136,-4228,27852
20741,1048,-4240,27781
20762,952,-4268,27709
20820,996,-4184,27550
20842,856,-4136,27496
20864,864,-4116,27433
20884,852,-4092,27381
20905,836,-4184,27347
20927,1000,-3996,27343
20948,1064,-3968,27261
20970,1048,-4060,27223
20990,1100,-4188,27203
21012,1088,-4056,27170
21033,1104,-3988,27154
21053,1120,-4048,27084
21074,996,-3948,27061
21096,1240,-4128,27011
21116,1032,-4020,26981
21138,1012,-3940,26942
21159,1140,-4120,26930
21181,1168,-3892,26874
21202,1228,-4036,26854
21224,972,-3952,26824
21282,1156,-3948,26740
21303,1160,-3960,26708
21324,1092,-4040,26712
21346,1140,-3932,26675
21367,1044,-4072,26631
21389,1068,-4052,26602
21410,904,-3988,26571
21431,992,-3772,26547
21452,1124,-3892,26488
21474,1108,-3876,26446
21495,916,-3996,26408
21517,972,-4036,26361
21553,1256,-3804,26291
21574,1224,-3836,26236
21596,1012,-3920,26177
21617,1136,-4016,26111
21638,1088,-3952,26101
21659,1192,-3808,26030
21681,1168,-3952,25987
21702,992,-3860,25938
21761,1108,-3776,25809
21782,1144,-3828,25757
21804,976,-3880,25706
21825,1068,-3748,25646
21847,1136,-3840,25604
21867,1124,-3892,25576
21889,928,-3684,25497
21910,1056,-3700,25467
21932,1044,-3812,25388
21953,992,-3872,25348
21975,1068,-3788,25277
21995,1000,-3660,25247
22017,1184,-3668,25177
22038,1068,-3596,25119
22063,908,-3640,25071
22084,956,-3668,25028
22106,920,-3732,24963
22126,1024,-3712,24895
22148,1180,-3580,24839
22169,1064,-3732,24762
22227,916,-3688,24656
22249,1016,-3656,24595
22270,952,-3396,24560
22292,652,-3468,24495
22312,812,-3492,24445
22334,956,-3532,24374
22355,1168,-3444,24331
22377,908,-3424,24254
22397,948,-3296,24188
22419,928,-3296,24148
22440,992,-3328,24094
22462,1060,-3324,24022
22483,1016,-3492,23961
22504,908,-3300,23910
22525,908,-3248,23839
22547,888,-3368,23774
22566,996,-3312,23730
22587,1036,-3292,23672
22608,916,-3212,23616
22630,824,-3168,23551
22688,976,-3196,23439
22710,1068,-3168,23369
22731,936,-3088,23346
22753,904,-3080,23274
22786,784,-3008,23195
22807,1012,-3116,23161
22829,1004,-3100,23103
22850,1044,-3156,23057
22872,920,-3052,23014
22892,868,-3044,22983
22914,940,-2996,22924
22935,1000,-3068,22881
22957,1012,-3088,22811
22978,896,-3004,22766
22999,864,-3040,22722
23020,916,-2940,22667
23042,1012,-2924,22619
23066,984,-2656,22506
23088,1052,-2932,22529
23109,1000,-3008,22479
23168,1068,-2996,22353
23189,968,-2804,22305
23211,988,-2888,22252
23231,972,-2956,22230
23252,1184,-2840,22176
23274,996,-2964,22129
23296,1028,-2888,22090
23317,984,-2664,22047
23337,1020,-2856,22016
23359,1016,-2972,21924
23380,1044,-2820,21911
23402,1112,-2904,21866
23424,1084,-2752,21808
23444,1120,-2836,21770
1032,-2864,21710
23490,1092,-2784,21659
23512,1164,-2852,21620
23533,1216,-2748,21600
23554,1016,-2868,21547
23578,1220,-2856,21522
23638,944,-2764,21391
23659,908,-2680,21345
23680,1016,-2708,21292
23701,1260,-2844,21262
23723,1132,-2896,21195
23744,916,-2888,21165
23766,964,-2772,21140
23786,1012,-2724,21089
23808,1024,-2680,21038
23829,1100,-2728,21017
23851,1128,-2820,20955
23872,1144,-2852,20917
23894,912,-2828,20873
23914,800,-2728,20844
23936,836,-2716,20803
23957,992,-2808,20751
23990,980,-2764,20677
24011,1008,-2708,20644
24033,1012,-2608,20599
24054,952,-2728,20560
24113,916,-2616,20444
24137,976,-2648,20389
24159,1032,-2852,20311
24180,1004,-2724,20286
24202,1064,-2644,20253
24222,984,-2676,20193
24244,964,-2604,20126
24265,788,-2568,20099
24287,788,-2588,20066
24308,956,-2612,19992
24329,1044,-2588,19956
24350,868,-2540,19901
24372,956,-2612,19870
24393,892,-2596,19817
24415,932,-2568,19767
24436,920,-2416,19706
24457,956,-2404,19666
24478,800,-2556,19615
24500,952,-2480,19588
24521,900,-2396,19549
24580,812,-2432,19417
24601,864,-2428,19374
24623,832,-2508,19328
24647,992,-2380,19282
24668,916,-2468,19214
24689,672,-2400,19161
24711,808,-2412,19120
24732,880,-2376,19079
24754,936,-2304,19011
24774,688,-2272,18962
24796,780,-2344,18933
24817,932,-2248,18868
24839,1076,-2252,18818
24860,872,-2260,18767
24881,712,-2248,18709
24902,752,-2140,18705
24924,916,-2224,18665
24945,872,-2172,18627
24967,924,-2160,18586
24987,764,-2184,18559
25047,888,-2128,18463
25068,848,-2224,18422
25089,856,-2100,18393
25110,872,-2072,18360
25132,792,-2148,18306
25156,896,-2116,18299
25178,812,-2116,18237
25210,944,-2024,18210
25251,740,-2128,18171
25272,832,-2172,18157
25293,928,-2012,18119
25315,984,-2044,18071
25336,1100,-1996,18070
25358,964,-2004,18024
25379,972,-2032,18001
25400,880,-2096,17998
25421,936,-2072,17957
25443,1032,-2148,17917
25464,884,-1928,17888
25486,952,-1988,17877
25552,1000,-2060,17788
,832,-1932,17749
25598,1020,-2088,17741
25620,1132,-2120,17724
25641,936,-2140,17694
25662,1076,-1956,17689
25683,972,-2020,17652
25705,1008,-2036,17623
25734,956,-2060,17581
25755,920,-2116,17562
25777,968,-2004,17548
25798,960,-1988,17501
25819,924,-2000,17474
25840,1020,-2104,17436
25862,852,-1968,17429
25883,1024,-1968,17374
25905,972,-1992,17372
25926,888,-2008,17319
25947,952,-1956,17270
25968,1008,-1976,17229
26029,944,-2112,17126
26049,1108,-2024,17106
26071,1044,-1924,17055
26092,972,-2036,17020
26114,896,-1864,16979
26135,1020,-2012,16913
26157,944,-1904,16901
26177,1092,-2064,16855
26199,972,-1964,16813
26223,1032,-1912,16770
26245,944,-1896,16705
26266,1040,-1920,16668
26288,1028,-1968,16645
26308,1132,-1984,16630
26330,984,-1900,16552
26351,1020,-1968,16502
26373,876,-2000,16472
26394,972,-1980,16433
26416,924,-2008,16389
26436,1036,-1908,16349
26496,968,-1968,16248
26528,1044,-1784,16163
26550,916,-1924,16116
26571,992,-1952,16068
26593,960,-1884,16033
26614,944,-1968,15969
26635,956,-1932,15914
26656,1080,-1892,15881
26678,948,-1832,15837
26699,808,-1808,15805
26721,1036,-1868,15761
26745,936,-1772,15720
26766,1032,-1792,15669
26787,852,-1792,15621
26809,972,-1928,15584
26830,852,-1848,15533
26852,840,-1816,15505
26873,944,-1748,15465
26894,1060,-1860,15430
26915,1004,-1760,15361
26974,864,-1772,15252
26995,752,-1704,15239
27017,880,-1812,15177
27038,800,-1836,15156
27059,836,-1828,15110
27080,900,-1768,15078
27102,892,-1668,15037
27123,812,-1772,14986
27145,852,-1740,14952
27165,796,-1788,14896
27187,796,-1764,14881
27208,804,-1576,14832
27230,768,-1648,14782
27254,840,-1792,14753
27275,840,-1632,14702
27296,792,-1612,14672
27318,832,-1628,14642
27339,808,-1620,14593
27361,824,-1632,14547
27381,880,-1540,14485
27441,752,-1728,14384
27462,768,-1568,14349
27484,852,-1572,14308
27504,720,-1480,14287
27526,740,-1536,14229
27547,792,-1500,14195
27569,744,-1456,14142
27590,768,-1540,14126
27611,844,-1540,14061
27632,792,-1484,14021
27654,800,-1580,14015
27675,780,-1472,13979
27708,872,-1404,13884
27729,868,-1500,13833
27751,748,-1524,13812
27772,876,-1476,13750
27797,820,-1544,13687
27817,816,-1504,13748
27839,788,-1528,13644
27860,788,-1476,13657
27920,852,-1376,13485
27940,876,-1372,13514
27962,832,-1356,13489
27983,860,-1364,13344
28005,836,-1328,13296
28026,856,-1468,13290
28047,848,-1488,13301
28068,916,-1472,13300
28090,884,-1336,13281
28111,820,-1404,13282
28133,864,-1300,13256
28153,948,-1232,13208
28175,808,-1292,13195
28196,760,-1416,13141
28218,900,-1420,13164
28239,824,-1248,13112
28260,772,-1192,13017
28281,856,-1232,13042
28306,832,-1244,12955
28327,940,-1300,12917
28386,928,-1356,12823
28407,924,-1236,12805
28429,888,-1204,12703
28450,892,-1212,12679
28471,1016,-1292,12660
28492,992,-1204,12641
28514,868,-1188,12553
28535,836,-1200,12518
28557,912,-1236,12480
28578,880,-1364,12460
28599,944,-1184,12415
28620,852,-1296,12357
28642,1068,-1220,12310
28663,1060,-1312,12285
28685,880,-1260,12246
28705,852,-1120,12197
28727,884,-1196,12146
28748,1016,-1284,12120
28770,1008,-1188,12060
28791,892,-1196,11999
28853,1012,-1212,11877
28874,992,-1180,11802
28896,980,-1212,11769
28929,1024,-1216,11697
28950,980,-1200,11606
28972,996,-1200,11569
28993,948,-1204,11524
29015,1008,-1180,11448
29036,1056,-1204,11408
29057,1056,-1144,11337
29078,980,-1116,11272
29100,1020,-1140,11227
29121,1072,-1228,11158
29143,1044,-1112,11096
29164,1040,-1212,11031
29185,980,-1124,10961
29206,1096,-1168,10927
29228,940,-1152,10855
29249,1004,-1252,10804
29271,1024,-1116,10735
29329,996,-1144,10577
29349,976,-1140,10510
29374,1056,-1168,10452
29395,1176,-1072,10403
29417,1028,-1040,10351
29438,944,-1108,10292
29460,1056,-1116,10243
29480,1028,-1064,10189
29502,1012,-1092,10134
29523,984,-1112,10087
29545,1080,-1044,10033
29566,980,-1000,10000
29587,984,-1024,9940
29608,916,-1136,9891
29630,1060,-1096,9850
29651,956,-1096,9803
29672,980,-1052,9728
29693,972,-1124,9690
29715,988,-1052,9637
29736,1056,-1064,9600
29795,920,-1080,9472
29816,1064,-1068,9411
29838,976,-1100,9362
29859,1012,-1020,9333
29893,1036,-1056,9234
29917,880,-1048,9183
29940,1052,-1072,9146
29964,952,-1120,9103
29987,860,-928,9073
30011,972,-1088,9007
30034,1096,-1112,8972
30058,976,-1140,8936
30083,964,-1056,8912
30106,928,-1072,8870
30130,840,-1044,8832
30166,916,-1084,8762
30189,888,-1140,8701
30213,996,-976,8678
30273,944,-1016,8556
30297,968,-1084,8521
30320,896,-996,8464
30344,884,-1012,8437
30367,940,-1072,8378
30391,904,-856,8371
30414,996,-884,8316
30438,888,-1096,8288
30461,896,-892,8231
30488,884,-968,8192
30512,872,-1044,8181
30535,940,-1116,8138
30559,932,-1052,8098
30583,836,-960,8088
30606,908,-960,8037
30629,872,-1000,7999
30654,812,-1128,7962
30678,808,-1000,7951
30701,776,-908,7908
30725,808,-988,7874
30785,812,-864,7807
30809,840,-896,7759
30832,880,-1044,7759
30856,892,-988,7731
30879,820,-908,7684
30903,732,-952,7652
30927,776,-968,7650
30951,800,-924,7616
30974,948,-1072,7586
30998,860,-880,7552
31022,788,-964,7549
31045,836,-916,7527
31069,820,-984,7485
31095,736,-852,7465
31119,740,-840,7443
31142,896,-920,7431
31166,904,-984,7408
31190,932,-912,7369
31213,864,-860,7335
31237,724,-868,7336
31297,708,-908,7248
31321,776,-828,7251
31344,776,-936,7239
31368,688,-852,7192
31391,728,-812,7196
31415,940,-996,7137
31438,836,-800,7151
31462,756,-880,7136
31485,844,-924,7125
31521,792,-736,7061
31545,760,-848,7049
31568,760,-796,7040
31592,816,-896,7015
31616,764,-940,6985
31639,748,-840,6976
31663,856,-800,6948
31686,608,-932,6942
31710,816,-884,6918
31736,704,-840,6902
31760,884,-800,6837
31821,724,-804,6819
31845,792,-868,6796
31868,892,-968,6738
31892,748,-872,6715
31916,732,-800,6707
31939,720,-880,6683
31963,680,-804,6660
31986,760,-768,6645
32010,792,-864,6612
32033,828,-812,6575
32057,700,-700,6574
32080,720,-852,6530
32104,604,-884,6516
32128,748,-804,6513
32151,812,-796,6491
32175,800,-804,6439
32198,788,-692,6457
32222,632,-916,6441
32245,692,-696,6395
32269,804,-816,6387
32330,656,-736,6325
32354,692,-732,6314
32380,784,-708,6303
32404,744,-736,6286
32428,772,-860,6256
32451,776,-664,6241
32475,724,-840,6214
32498,664,-684,6192
32522,712,-848,6170
32545,712,-752,6118
32569,804,-788,6095
32592,728,-768,6082
32616,756,-708,6035
32640,688,-756,6010
32663,676,-752,6020
32687,748,-760,5986
32710,864,-740,5956
32734,716,-712,5928
32757,768,-732,5900
32781,608,-660,5881
32841,780,-652,5821
32877,836,-704,5786
32901,744,-772,5736
32924,776,-708,5712
32948,672,-660,5716
32971,620,-628,5676
32995,788,-744,5639
33021,736,-720,5631
33045,612,-660,5619
33069,816,-648,5585
33093,828,-668,5546
33117,820,-740,5540
33140,732,-640,5510
33164,644,-632,5487
33187,800,-712,5474
33211,796,-692,5453
33234,768,-728,5432
33258,860,-732,5409
33282,704,-544,5410
33305,776,-648,5408
33366,784,-588,5325
33389,736,-696,5315
33413,720,-692,5309
33436,712,-740,5285
33460,788,-696,5275
33483,604,-684,5267
33507,748,-624,5241
33530,828,-688,5217
33554,760,-712,5198
33577,808,-596,5179
33602,760,-652,5149
33629,724,-656,5118
33652,836,-584,5095
33676,856,-732,5055
33699,700,-672,5047
33723,780,-656,4998
33746,904,-716,5006
33770,796,-672,4992
33794,760,-628,4955
33817,868,-704,4936
33878,776,-700,4898
33901,784,-604,4864
33925,772,-620,4837
33948,824,-612,4851
33972,736,-532,4828
33995,748,-560,4791
34019,824,-668,4804
34043,756,-604,4763
34067,828,-512,4751
34091,872,-644,4728
34114,816,-544,4689
34138,868,-664,4701
34161,848,-636,4675
34200,672,-544,4646
34224,776,-532,4625
34250,764,-512,4611
34274,772,-508,4597
34297,836,-552,4580
34321,768,-560,4585
34344,808,-608,4542
34414,776,-608,4489
34438,760,-512,4474
34461,712,-640,4461
34485,840,-596,4454
34508,884,-616,4436
34532,812,-536,4418
34555,836,-548,4408
34579,756,-456,4380
34603,768,-704,4353
34626,828,-592,4347
34650,848,-572,4327
34673,804,-644,4305
34697,752,-644,4282
34720,792,-688,4289
34744,884,-576,4236
34767,768,-540,4231
34791,792,-680,4209
34816,696,-524,4172
34838,832,-644,4166
34863,904,-532,4142
34932,844,-560,4113
34957,828,-632,4093
34980,880,-584,4051
35004,808,-548,4059
35027,788,-584,4029
35051,864,-592,4016
35075,736,-500,3968
35098,960,-500,3972
35122,804,-604,3949
35145,892,-560,3948
35169,916,-508,3891
35192,836,-552,3888
35216,832,-588,3894
35239,776,-596,3869
35263,720,-628,3835
35287,904,-588,3820
35311,828,-600,3797
35335,880,-624,3773
35358,912,-560,3764
35382,800,-544,3745
35442,860,-584,3688
35467,836,-636,3680
35490,852,-612,3644
35514,824,-476,3629
35540,772,-500,3602
35575,888,-556,3581
35600,864,-516,3529
35623,876,-560,3534
35647,824,-560,3513
35671,892,-616,3492
35694,880,-592,3461
35718,828,-600,3440
35741,884,-580,3451
35765,964,-632,3385
35788,848,-580,3363
35812,940,-500,3348
35835,816,-568,3337
35859,904,-524,3311
35883,852,-412,3262
35906,880,-520,3275
35968,892,-612,3228
35991,828,-592,3188
36015,920,-488,3156
36038,956,-504,3160
36062,856,-588,3127
36085,896,-588,3113
36109,892,-588,3087
36132,960,-532,3049
36156,876,-584,3035
36176,932,-572,3037
36201,840,-448,2999
36224,860,-592,2984
36248,788,-432,2959
36272,916,-480,2947
36295,872,-544,2937
36319,904,-524,2892
36342,1040,-596,2884
36366,1008,-560,2854
36389,864,-588,2847
36413,804,-612,2831
36473,868,-636,2760
36498,940,-512,2759
36521,904,-536,2730
36545,932,-552,2706
36569,884,-628,2680
36592,948,-644,2669
36616,932,-544,2656
36639,852,-616,2632
36663,900,-568,2595
36686,904,-600,2568
36710,880,-524,2539
36733,860,-608,2538
36757,868,-576,2510
36784,792,-636,2483
36807,848,-656,2472
36831,836,-424,2444
36854,844,-564,2439
36878,880,-544,2414
36914,900,-452,2371
36937,836,-560,2362
36999,900,-488,2306
37022,932,-552,2283
37046,896,-568,2267
37069,712,-604,2237
37093,884,-468,2231
37116,964,-544,2190
37140,928,-516,2182
37164,876,-552,2152
37187,908,-512,2140
37211,984,-468,2116
37234,840,-596,2058
37258,972,-536,2047
37281,964,-604,2060
37305,812,-576,2038
37328,1000,-448,1995
37352,840,-552,2007
37376,912,-568,1984
37402,852,-464,1945
37426,952,-576,1946
37450,860,-548,1915
37511,948,-536,1864
37534,808,-584,1851
37558,844,-604,1822
37581,920,-548,1784
37605,860,-532,1776
37628,908,-632,1765
37652,896,-520,1732
37676,964,-560,1733
37699,912,-616,1716
37723,880,-524,1666
37746,920,-616,1657
37771,840,-636,1640
37794,1016,-524,1614
37818,924,-512,1601
37841,876,-584,1589
37865,920,-572,1563
37889,780,-556,1530
37912,848,-536,1519
37936,1076,-608,1506
37959,1032,-532,1485
38021,824,-592,1419
38047,892,-600,1392
38071,824,-540,1402
38094,900,-540,1371
38118,960,-556,1353
38141,908,-584,1329
38165,952,-500,1316
38189,920,-460,1298
38212,920,-656,1307
38236,936,-508,1254
38272,904,-592,1249
38295,984,-580,1235
38319,892,-604,1200
38342,796,-548,1236
38366,784,-532,1176
38389,784,-540,1180
38413,944,-524,1146
38436,964,-484,1144
38460,964,-532,1133
38483,936,-448,1091
38544,884,-636,1067
38567,904,-544,1045
38591,876,-524,1032
38615,940,-524,1014
38638,800,-608,1002
38662,892,-628,981
38689,1004,-508,965
38713,852,-532,931
38736,992,-596,937
38760,952,-496,924
38784,836,-564,909
38807,848,-600,885
38831,792,-540,882
38854,948,-496,849
38877,908,-596,836
38900,808,-556,851
38924,916,-520,822
38947,964,-544,793
38971,796,-560,780
38994,992,-580,768
39056,900,-504,721
39079,896,-516,696
39103,836,-560,663
39127,944,-664,666
39150,864,-624,671
39174,952,-528,646
39197,824,-676,619
39221,984,-548,587
39244,960,-596,577
39268,1076,-536,539
39291,880,-444,540
39318,924,-392,501
39342,912,-608,500
39365,880,-592,478
39389,960,-556,451
39412,996,-628,417
39436,860,-520,422
39459,924,-512,406
39483,916,-564,396
39506,916,-656,370
39567,892,-604,318
39590,1076,-636,305
39626,968,-568,249
39650,880,-652,252
39673,980,-628,219
39697,892,-756,218
39719,860,-472,183
39743,948,-588,165
39767,908,-596,140
39791,960,-496,139
39815,956,-632,117
39838,904,-552,79
39861,924,-532,71
39884,872,-552,53
39908,884,-596,44
39931,872,-512,32
39955,1008,-468,53
39983,832,-640,68
40005,940,-628,70
40029,844,-484,55
40090,760,-644,60
40114,924,-568,37
40137,996,-328,50
40161,928,-604,33
40184,680,-892,48
40208,620,-684,58
40231,732,-348,68
40255,904,-520,59
40279,588,-608,54
40302,664,-716,46
40326,812,-764,67
40349,972,-432,56
40373,852,-408,56
40396,884,-800,67
40420,1004,-784,53
40443,824,-368,63
40467,924,-600,54
40491,912,-556,52
40514,872,-560,71
40538,796,-464,78
40598,944,-584,55
40622,812,-624,70
40645,920,-492,64
40669,888,-616,62
40695,856,-540,56
40719,872,-556,90
40742,832,-580,47
40765,780,-544,74
40788,860,-452,55
40812,896,-572,75
40836,876,-776,67
40859,840,-400,66
40883,872,-584,71
40906,912,-572,83
40942,832,-532,64
40966,876,-368,59
40989,888,-604,62
41013,848,-624,60
41036,900,-516,84
41060,932,-512,65
41120,804,-620,65
41144,852,-468,56
41166,864,-596,76
41190,916,-616,47
41213,756,-496,66
41237,820,-588,60
41261,872,-628,77
41284,908,-580,59
41308,848,-576,61
41331,860,-556,85
41355,864,-604,58
41381,876,-632,70
41405,816,-556,67
41428,908,-664,62
41452,884,-588,47
41476,924,-540,66
41499,832,-576,60
41523,884,-496,58
41546,844,-512,57
41570,924,-608,48
41630,820,-640,61
41654,900,-500,63
41677,792,-480,56
41701,792,-632,57
41724,764,-544,55
41748,932,-620,55
41771,652,68,79
41794,952,-504,48
41818,1164,-972,57
41841,1080,-588,96
41865,920,-1144,79
41888,784,-824,102
41912,708,-596,100
41935,676,-820,66
41959,828,-868,93
41982,1024,-720,133
42006,832,-272,156
42030,860,-840,162
42051,776,-940,152
42075,928,-1104,232
42135,892,-492,241
42159,728,-896,192
42182,1104,-1060,165
42206,652,-264,140
42229,348,-1336,91
42253,124,-220,68
42276,1056,-1224,27
42312,720,-580,67
42336,1028,-468,52
42359,392,-996,105
42383,1464,-60,187
42406,1064,-492,165
42430,844,-380,139
42452,892,-416,169
42476,596,-196,197
42500,724,-476,203
42523,804,-672,236
42547,672,-1000,314
42570,804,-708,377
42594,652,-208,404
42655,920,-592,381
42679,628,-804,377
42702,572,-656,310
42729,1120,-364,344
42753,900,-740,292
42776,1148,-1212,280
42800,904,-1360,240
42823,936,-240,193
42847,576,-1008,201
42870,700,-68,149
42894,832,-640,150
42917,912,-656,127
42941,808,-744,129
42963,896,-588,170
42987,816,-404,193
43011,964,-812,247
43034,988,-652,313
43058,992,-548,427
43081,1488,108,446
43105,1028,-888,488
43165,996,-1024,395
43208,964,-404,306
43232,1012,-536,186
43255,644,-1236,77
43279,340,-464,154
43302,1696,-1104,179
43326,1232,-320,-115
43350,584,-640,-125
43376,968,-416,-38
43400,1016,-1288,-63
43423,508,-920,25
43447,612,-800,85
43470,948,-708,135
43494,860,-692,293
43517,1100,-816,369
43541,440,-708,546
43565,608,-864,688
43588,984,-456,832
43612,1068,-716,944
43655,980,-828,1150
43718,692,-764,1458
43743,440,-824,1574
43766,616,-540,1704
43790,720,-872,1754
43813,1020,-880,1825
43837,1044,-976,1788
43860,976,-792,1759
43884,876,-1060,1679
43908,1040,-992,1579
43931,972,-1188,1463
43955,992,-912,1346
43978,1228,-936,1235
44006,1156,-804,1082
44029,1008,-872,948
44053,992,-1056,892
44077,860,-1028,813
44100,1624,-2332,710
44136,1260,-532,758
44160,800,-1160,722
44183,1064,-1180,718
44243,576,-1172,742
44267,840,-1012,721
44291,708,-428,788
44314,840,-456,804
44338,800,-1120,824
44361,904,-868,867
44385,848,-940,865
44408,716,-656,854
44432,928,-708,830
44455,812,-1084,795
44479,744,-960,804
44503,1020,-944,820
44526,1156,-1064,814
44550,732,-1204,786
44573,964,-1148,787
44597,1120,-784,813
44620,736,-1012,808
44648,3192,-4028,777
44672,924,-852,858
44695,904,-752,857
47922,356,-500,140
47945,348,-384,136
47969,468,-440,80
47992,-304,-396,42
48016,336,-764,-41
48039,504,-1060,37
48063,608,-868,54
48087,184,-1236,90
48110,252,-688,32
48134,272,-552,97
48347,444,-1200,146
48382,408,-800,129
48406,148,-428,222
48430,336,-620,162
48453,176,-136,85
48477,264,-468,173
48500,424,-1140,223
48524,292,-388,290
48547,592,-688,274
48571,948,-376,311
48631,404,-76,435
48655,676,-524,421
48678,728,-996,355
48709,316,-1164,316
48733,356,-1040,261
48757,308,-600,308
48780,392,-668,231
48803,432,-760,207
48827,464,-1020,244
48850,812,-1568,285
48875,584,-928,265
48899,48,-1948,208
48921,200,-872,153
48945,408,-436,103
48968,412,-812,66
48992,440,-740,104
49015,48,192,58
49039,460,-1276,86
49062,420,-824,75
49086,432,-628,73
49147,596,-888,114
49171,276,-936,88
49195,484,-676,85
49218,492,-580,4
49242,684,-1000,24
49265,160,-804,106
49289,180,-972,79
49312,608,-732,124
49336,764,-700,92
49362,428,-956,63
49386,408,-1164,76
49410,596,-1444,120
49433,436,-736,68
49456,448,-640,79
49479,216,-460,46
49503,-72,-404,41
49526,292,-600,67
,428,-372,-16
