time,AcX,AcY,GyZ
2840,1320,3476,73
2862,8,-588,-68
2882,24,-1200,-256
2947,88,-352,-209
2967,-100,-572,-181
2989,-304,-604,-169
3010,-84,-616,-149
3031,92,-664,-135
3052,-84,-500,-154
3074,-236,-352,-140
3094,-48,-408,-112
3116,-40,-556,-65
3137,316,-120,-40
3158,-212,-824,19
3179,344,-236,33
3200,-28,-236,11
3229,36,-680,21
3270,-76,-240,39
3291,48,-456,55
3312,56,-320,81
3333,-28,-432,54
3354,84,-336,84
3375,24,-296,54
3396,104,-292,80
3467,152,-344,69
3487,-64,-276,69
3509,-40,-376,50
3533,-20,-492,58
3554,0,-460,56
3575,-24,-384,77
3596,-40,-568,76
3617,56,-400,53
3638,48,-380,48
3659,-4,-380,69
3680,20,-448,81
3701,36,-416,73
3722,-16,-444,62
3743,124,-376,67
3764,28,-464,79
3785,44,-412,58
3806,0,-332,64
3827,24,-320,61
3848,88,-376,67
3869,-56,-364,79
3928,28,-296,54
3948,60,-368,62
3970,-16,-364,88
3990,8,-380,71
4012,0,-352,59
4032,48,-496,60
4054,36,-288,79
4074,60,-452,66
4096,-32,-312,59
4116,44,-372,52
4137,0,-364,67
4158,76,-344,75
4179,-4,-344,64
,12,-364,46
4227,-48,-416,51
4248,84,-400,52
4269,-40,-360,80
4290,52,-368,62
4312,-20,-480,62
4332,-112,-484,57
4390,-224,-228,306
4411,-108,-468,436
4432,1004,-632,553
4454,72,-172,601
4474,4,-400,672
4503,-4,-332,687
4525,52,-348,680
4546,-224,-252,689
4567,184,-248,679
4588,576,-468,537
4610,964,-456,195
4630,928,-432,-320
4652,924,-168,-911
4672,1192,-88,-1620
4694,1448,-452,-2382
4715,1364,-504,-3238
4737,1512,-648,-4122
4757,1832,-516,-5124
4779,1812,-484,-6162
4800,1856,-564,-7328
4861,1904,-892,-10744
4882,1776,-1276,-11874
4903,1664,-1016,-12887
4925,1520,-1184,-13900
4946,1636,-1264,-14855
4967,1556,-1608,-15783
4988,1512,-1780,-16657
5010,1572,-1900,-17574
5031,1608,-1840,-18446
5053,1548,-2024,-19333
5073,1552,-2132,-20278
5095,1648,-2488,-21228
5116,1764,-2536,-22185
5138,1592,-3044,-23240
5158,1788,-3328,-24236
5180,2128,-3328,-25378
5201,2028,-3760,-26553
5223,1888,-4244,-27558
5243,1340,-3404,-28463
5265,804,-4268,-29072
5323,-32,-4384,-29597
5348,-356,-3676,-29552
5369,-64,-3852,-29488
5390,400,-4488,-29431
5411,16,-4560,-29358
5433,172,-4444,-29378
5454,-44,-4368,-29293
5475,-64,-4128,-29243
5496,40,-4188,-29206
5518,96,-4260,-29174
5538,72,-4356,-29133
5560,160,-4256,-29121
5581,-44,-4040,-29075
5603,116,-4140,-29035
5624,172,-4236,-29012
5645,72,-4148,-28994
5666,68,-4184,-28966
5688,44,-4104,-28915
5716,124,-4056,-28888
5738,208,-4136,-28854
5796,-8,-4260,-28770
5818,8,-4260,-28747
5838,36,-4236,-28708
5860,-120,-3960,-28664
5884,216,-3948,-28626
5906,-64,-4000,-28578
5927,-96,-4116,-28541
5948,12,-4116,-28456
5969,120,-4104,-28416
5991,-148,-3804,-28303
6012,-72,-4020,-28237
6034,-112,-4112,-28125
6054,-136,-3960,-28032
6076,-84,-3960,-27931
6097,-12,-3848,-27833
6119,-148,-3924,-27708
6140,-216,-3836,-27575
6161,-36,-3920,-27484
6182,-44,-3880,-27403
6204,-176,-3820,-27274
6262,-40,-3668,-26950
6284,-88,-3804,-26820
6304,-244,-3696,-26738
6326,-24,-3680,-26626
6347,-160,-3620,-26500
6369,-196,-3500,-26407
6393,-204,-3600,-26276
6414,-168,-3624,-26164
6435,-124,-3600,-26059
6457,-28,-3404,-25989
6478,-64,-3556,-25914
6500,-112,-3616,-25822
6520,-196,-3484,-25725
6542,-236,-3404,-25660
6563,-100,-3344,-25601
6585,112,-3472,-25540
6606,-28,-3516,-25479
6627,-36,-3416,-25419
6648,0,-3508,-25327
6670,176,-3328,-25232
6728,-104,-3356,-25102
6750,12,-3368,-24993
6770,-16,-3200,-24961
6792,108,-3172,-24903
6813,96,-3296,-24860
6835,-60,-3288,-24815
6855,-92,-3188,-24764
6877,40,-3080,-24698
6901,288,-3260,-24642
6923,112,-3240,-24610
6951,-44,-3240,-24539
6973,56,-3212,-24472
6994,52,-3132,-24429
7016,64,-3168,-24380
7036,-44,-3068,-24314
7058,0,-2924,-24243
7079,-4,-3008,-24203
7101,88,-3056,-24152
7121,36,-3072,-24102
7143,72,-2920,-24043
7201,124,-2960,-23862
7222,8,-2960,-23833
7243,12,-2728,-23740
7265,180,-2828,-23680
7286,224,-2868,-23629
7307,4,-2772,-23600
7328,-24,-2804,-23536
7350,76,-2904,-23476
7370,220,-2856,-23442
7392,40,-2788,-23414
7413,32,-2888,-23354
7438,116,-2916,-23322
7458,32,-2788,-23280
7480,84,-2756,-23237
7501,68,-2676,-23191
7523,52,-2692,-23162
7543,-28,-2808,-23117
7565,28,-2828,-23046
7586,16,-2668,-23027
7608,-8,-2760,-23008
7666,-108,-2668,-22846
7687,4,-2672,-22825
7708,32,-2712,-22793
7730,-96,-2740,-22747
7751,44,-2484,-22698
7772,-36,-2648,-22620
7793,-76,-2652,-22560
7815,8,-2588,-22490
7836,-44,-2612,-22445
7858,-128,-2560,-22371
7878,-24,-2576,-22315
7900,-76,-2576,-22233
7921,-72,-2500,-22169
7943,-112,-2588,-22085
7967,-280,-2532,-22017
7989,-88,-2572,-21917
8010,-184,-2584,-21853
8031,-116,-2560,-21790
8052,-84,-2356,-21712
8074,16,-2540,-21612
8132,-140,-2484,-21424
8153,-64,-2448,-21333
8174,-232,-2468,-21282
8204,-184,-2364,-21141
8224,-264,-2400,-21079
8246,-92,-2412,-21010
8267,-92,-2372,-20917
8289,-80,-2388,-20816
8310,-180,-2480,-20760
8331,-196,-2384,-20672
8352,-152,-2352,-20561
8374,-72,-2452,-20480
8395,-184,-2328,-20399
8417,-188,-2212,-20327
8437,-88,-2196,-20222
8462,24,-2404,-20125
8483,-64,-2364,-20055
8505,-52,-2300,-19966
8526,-44,-2180,-19884
8547,-56,-2208,-19814
8605,-100,-2112,-19622
8627,-200,-2172,-19543
8648,-132,-2228,-19491
8669,-16,-2244,-19412
8690,24,-2096,-19352
8712,-4,-2024,-19270
8733,-12,-2132,-19227
8754,60,-2092,-19141
8775,-40,-2128,-19126
8797,20,-2044,-19051
8818,12,-2052,-18957
8839,60,-2052,-18913
8860,212,-2136,-18876
8882,-28,-2080,-18823
8902,36,-1992,-18774
8924,12,-1964,-18737
8945,76,-2104,-18697
8967,164,-2040,-18654
8991,-20,-1968,-18638
9012,-56,-2016,-18597
9070,152,-1872,-18518
9092,20,-1936,-18502
9112,52,-1888,-18474
9134,168,-1864,-18465
9155,84,-1956,-18455
9177,176,-1992,-18416
9197,252,-1908,-18409
9219,44,-1932,-18409
9240,60,-1916,-18379
9262,-12,-1888,-18337
9282,96,-1772,-18299
9304,40,-1764,-18261
9325,92,-1828,-18249
9347,84,-1848,-18219
,16,-1800,-18170
9392,12,-1844,-18127
9420,8,-1888,-18108
9442,-4,-1872,-18081
9463,60,-1792,-18043
9484,80,-1816,-18010
9543,20,-1900,-17942
9567,72,-1900,-17916
9588,40,-1696,-17892
9610,12,-1644,-17850
9631,12,-1852,-17824
9652,56,-1640,-17813
9673,88,-1660,-17759
9695,180,-1644,-17734
9716,-88,-1668,-17709
9738,-8,-1748,-17700
9758,60,-1736,-17695
9780,-92,-1624,-17666
9801,20,-1624,-17645
9823,52,-1592,-17623
9843,104,-1696,-17613
9865,64,-1680,-17588
9886,104,-1752,-17570
9908,108,-1664,-17529
9928,4,-1596,-17534
9950,-40,-1676,-17500
10008,0,-1656,-17450
10029,72,-1848,-17443
10050,60,-1668,-17404
10072,12,-1748,-17406
10096,16,-1752,-17374
10117,48,-1680,-17345
10138,-44,-1704,-17341
10160,-12,-1780,-17311
10181,56,-1632,-17274
10202,-24,-1640,-17252
10223,-68,-1596,-17208
10245,-80,-1580,-17218
10266,-4,-1656,-17174
10288,4,-1696,-17150
10308,-64,-1700,-17112
10330,84,-1720,-17074
10351,-88,-1584,-17061
10373,-24,-1568,-16997
10393,-80,-1584,-16963
10415,-172,-1588,-16930
10474,-108,-1592,-16768
10494,-136,-1560,-16692
10516,-92,-1532,-16662
10537,-16,-1500,-16588
10559,-192,-1548,-16517
10584,-228,-1520,-16452
10605,-128,-1672,-16396
10627,-16,-1576,-16328
10655,-120,-1528,-16251
10677,-136,-1704,-16187
10698,-100,-1504,-16139
10720,-112,-1412,-16071
10741,-184,-1568,-15995
10763,-140,-1612,-15946
10783,-140,-1444,-15865
10805,-112,-1500,-15786
10826,-136,-1428,-15749
10848,-100,-1484,-15669
10869,-208,-1432,-15567
10891,-188,-1468,-15532
10948,-164,-1432,-15356
10970,-76,-1464,-15271
10991,-124,-1452,-15212
11013,-140,-1404,-15121
11034,-68,-1532,-15044
11056,-100,-1468,-14969
11080,-116,-1348,-14866
11101,-52,-1384,-14791
11122,-136,-1372,-14732
11144,-116,-1308,-14647
11165,40,-1396,-14609
11186,-168,-1384,-14517
11207,-112,-1308,-14466
11229,-140,-1376,-14403
11250,-100,-1352,-14343
11272,-72,-1348,-14298
11292,32,-1396,-14251
11314,40,-1300,-14199
11335,-96,-1364,-14144
11357,-80,-1416,-14097
11415,-88,-1316,-13956
11437,-108,-1312,-13908
11458,16,-1260,-13836
11479,-52,-1212,-13773
11500,-48,-1232,-13752
11522,-12,-1320,-13699
11543,48,-1312,-13643
11568,112,-1208,-13608
11589,100,-1276,-13584
11610,-72,-1188,-13536
11631,-108,-1292,-13477
11653,-64,-1132,-13414
11674,68,-1152,-13388
11696,144,-1104,-13350
11717,60,-1272,-13305
11738,-32,-1260,-13278
11759,-108,-1208,-13234
11781,76,-1168,-13207
11802,120,-1064,-13195
11824,-4,-1036,-13165
11881,52,-1216,-13052
11911,-48,-1116,-13017
11932,-52,-1200,-12988
11953,52,-1092,-12951
11974,84,-1176,-12889
11996,-20,-1104,-12863
12017,20,-1172,-12814
12039,24,-1196,-12774
12059,88,-1044,-12746
12084,-12,-1132,-12697
12105,36,-1204,-12698
12127,96,-1116,-12609
12148,12,-1032,-12601
12169,52,-1048,-12556
12190,56,-1028,-12519
12212,-100,-1108,-12497
12233,16,-1072,-12426
12255,32,-1004,-12393
12275,112,-992,-12339
12297,-56,-988,-12317
12355,56,-940,-12190
12377,-8,-988,-12159
12398,20,-876,-12102
12420,48,-1068,-12069
12441,0,-1008,-12022
12462,32,-992,-11991
12483,20,-900,-11926
12505,64,-928,-11898
12526,52,-1028,-11851
12547,104,-860,-11807
12568,-32,-984,-11790
12593,-36,-904,-11731
12614,16,-936,-11695
12636,-36,-920,-11622
12656,48,-928,-11594
12678,64,-956,-11565
12699,100,-888,-11515
12721,152,-800,-11472
12742,40,-792,-11422
12763,-148,-924,-11382
12821,-60,-884,-11265
12843,-64,-748,-11236
12864,40,-880,-11202
12884,76,-776,-11175
12906,-40,-800,-11119
12928,-88,-896,-11098
12949,100,-784,-11060
12969,52,-840,-11038
12991,200,-792,-11005
13012,44,-836,-10994
13034,-36,-704,-10930
13054,40,-828,-10889
13076,28,-768,-10869
13097,72,-848,-10838
13129,-12,-856,-10775
13151,-76,-700,-10722
13172,-20,-792,-10690
13194,48,-812,-10668
13214,-4,-804,-10616
13236,-28,-848,-10556
13294,-36,-712,-10497
13316,-20,-812,-10435
13337,-76,-824,-10413
13358,108,-696,-10376
13379,-68,-660,-10358
13401,-56,-756,-10358
13422,56,-792,-10318
13444,-44,-716,-10303
13464,40,-832,-10265
13486,116,-768,-10251
13507,28,-696,-10206
13529,12,-736,-10173
13549,-100,-752,-10150
13571,-28,-664,-10119
13592,-68,-796,-10118
13614,4,-788,-10034
13635,-156,-620,-10032
13660,-88,-720,-9975
13680,-112,-776,-9962
13702,-80,-688,-9901
13760,-4,-716,-9825
13780,20,-744,-9778
13802,-144,-664,-9748
13824,-52,-724,-9720
13845,-100,-720,-9660
13865,-84,-744,-9647
13887,-36,-716,-9616
13908,4,-792,-9573
13929,-56,-644,-9509
13950,-20,-616,-9488
13972,-160,-704,-9449
13993,-32,-712,-9416
14015,-108,-712,-9384
14035,-96,-712,-9327
14057,-88,-740,-9303
14078,-208,-640,-9260
14100,-100,-720,-9231
14120,-68,-732,-9175
14142,-132,-632,-9143
14163,-112,-696,-9083
14225,-48,-768,-8916
14246,-132,-688,-8889
14267,-216,-676,-8830
14288,-88,-752,-8796
14310,-52,-604,-8745
14331,8,-676,-8664
14360,-120,-720,-8615
14382,-112,-684,-8545
14403,-136,-644,-8515
14424,-252,-628,-8478
14445,-60,-640,-8414
14467,-68,-608,-8373
14488,-120,-632,-8337
14509,-8,-688,-8284
14530,-124,-632,-8246
14552,-84,-724,-8208
14573,-176,-604,-8139
14594,-108,-572,-8105
14615,-20,-632,-8062
14637,-144,-660,-8001
14695,-120,-560,-7897
14716,-136,-540,-7829
14740,-104,-644,-7794
14761,-136,-652,-7713
14783,-144,-564,-7692
14804,-196,-640,-7669
14825,-88,-572,-7618
14846,-160,-632,-7546
14868,-188,-612,-7522
14889,-128,-548,-7470
14911,-76,-536,-7406
14931,-152,-532,-7364
14953,-12,-680,-7330
14974,-176,-712,-7265
14996,-116,-576,-7220
15016,-84,-528,-7200
15038,-56,-648,-7145
15059,40,-696,-7115
15080,-112,-464,-7064
15101,-176,-600,-6993
15160,-128,-612,-6895
15181,-120,-500,-6887
15203,4,-472,-6801
15223,-144,-612,-6778
15245,-84,-524,-6728
15269,-104,-604,-6674
15291,-16,-536,-6657
15311,-112,-468,-6594
15333,-164,-636,-6553
15354,-100,-700,-6491
15376,-100,-540,-6445
15396,-52,-452,-6423
15418,-64,-580,-6364
15439,-64,-588,-6337
15461,-124,-480,-6289
15481,-28,-540,-6259
15503,-152,-520,-6200
15524,-88,-588,-6164
15546,-112,-600,-6120
15575,-36,-524,-6063
15633,-84,-520,-5915
15654,24,-456,-5930
15676,-72,-520,-5852
15697,-72,-592,-5815
15718,-112,-580,-5765
15739,-132,-460,-5720
15761,-44,-548,-5695
15782,40,-524,-5658
15818,-36,-488,-5605
15840,-128,-580,-5569
15860,12,-440,-5536
15882,-64,-512,-5475
15903,-12,-516,-5468
15925,-56,-472,-5438
15945,-100,-576,-5404
15967,-24,-544,-5380
15988,-64,-524,-5361
16010,-44,-432,-5315
16030,-56,-512,-5285
16052,-60,-520,-5262
16110,-24,-472,-5166
16132,88,-504,-5161
16152,-36,-452,-5116
16174,-16,-496,-5083
16195,64,-420,-5065
16216,-80,-504,-5036
,48,-612,-5008
16262,24,-532,-4983
16282,80,-464,-4972
16304,-16,-476,-4945
16325,72,-512,-4913
16346,-40,-516,-4910
16370,112,-388,-4882
16392,4,-472,-4822
16413,132,-472,-4823
16434,60,-384,-4798
16455,80,-504,-4775
16477,8,-396,-4743
16497,-84,-500,-4694
16519,-140,-556,-4678
16577,12,-516,-4619
16599,40,-484,-4589
16620,-36,-528,-4561
16641,-28,-536,-4537
16662,-16,-556,-4533
16684,36,-468,-4490
16705,92,-508,-4476
16726,24,-464,-4460
16747,20,-476,-4442
16769,40,-424,-4411
16789,12,-512,-4376
16811,-20,-444,-4361
16832,0,-496,-4345
16861,92,-384,-4320
16882,-96,-472,-4309
16904,-8,-300,-4261
16927,124,-372,-4245
16949,24,-508,-4233
16970,48,-424,-4205
16992,24,-432,-4198
17049,20,-432,-4109
17071,0,-464,-4114
17091,-28,-452,-4085
17113,20,-420,-4045
17134,12,-488,-4045
17155,60,-368,-4010
17176,16,-348,-4005
17198,8,-420,-3983
17218,116,-448,-3952
17240,20,-556,-3930
17261,4,-460,-3928
17282,36,-384,-3932
17303,132,-384,-3881
17325,-36,-432,-3885
17345,92,-408,-3834
17367,28,-444,-3839
17388,12,-472,-3822
17409,168,-416,-3795
17430,108,-420,-3785
17452,0,-340,-3768
17513,12,-448,-3724
17534,84,-404,-3703
17555,44,-320,-3684
17576,72,-548,-3658
17598,60,-428,-3658
17618,0,-388,-3637
17640,120,-436,-3626
17661,48,-320,-3605
17682,-12,-476,-3565
17703,-108,-440,-3577
17725,40,-324,-3546
17746,104,-360,-3530
17767,96,-328,-3515
17788,68,-424,-3505
17810,120,-448,-3491
17831,-12,-424,-3473
17852,-20,-408,-3469
17873,-8,-360,-3449
17895,-4,-352,-3457
17916,152,-416,-3420
17974,16,-416,-3358
17995,156,-368,-3366
18016,92,-416,-3357
18037,36,-384,-3337
18062,108,-388,-3313
18091,48,-356,-3307
18112,92,-400,-3267
18132,48,-416,-3287
18154,108,-380,-3258
18176,128,-452,-3240
18197,124,-340,-3235
18217,-4,-356,-3199
18239,36,-420,-3192
18260,28,-384,-3198
18281,132,-328,-3151
18302,164,-396,-3155
18324,116,-336,-3139
18344,124,-396,-3114
18366,16,-384,-3084
18387,176,-324,-3075
18445,164,-380,-3051
18466,96,-400,-3024
18488,60,-360,-3014
18508,16,-364,-2979
18530,60,-392,-3007
18551,68,-236,-2985
18572,36,-392,-2971
18593,48,-368,-2964
18618,84,-388,-2906
18639,108,-320,-2927
18660,68,-348,-2879
18681,0,-312,-2882
18703,96,-384,-2900
18723,56,-296,-2856
18745,96,-336,-2867
18766,72,-440,-2835
18787,32,-408,-2823
18808,48,-336,-2802
18830,152,-436,-2773
18851,-12,-384,-2773
18909,56,-396,-2727
18930,44,-316,-2717
18951,60,-344,-2718
18972,100,-380,-2710
18994,100,-368,-2685
19014,132,-360,-2678
19036,148,-380,-2667
19057,88,-344,-2620
19078,-108,-360,-2607
19099,96,-320,-2594
19121,28,-356,-2586
19142,92,-344,-2573
19166,160,-236,-2541
19187,-4,-376,-2548
19209,136,-284,-2521
19230,56,-232,-2501
19251,96,-328,-2484
19272,84,-332,-2484
19301,92,-344,-2436
19322,20,-348,-2434
19381,84,-280,-2382
19401,196,-408,-2382
19423,36,-204,-2382
19444,-20,-376,-2366
19465,28,-320,-2329
19486,112,-312,-2313
19508,84,-336,-2322
19529,120,-336,-2285
19550,108,-400,-2263
19571,40,-348,-2257
19593,44,-288,-2225
19613,92,-404,-2221
19635,108,-352,-2176
19656,68,-252,-2153
19677,56,-360,-2163
19698,44,-232,-2154
19723,-12,-352,-2120
19744,40,-312,-2117
19765,72,-292,-2112
19786,-8,-336,-2073
19844,164,-360,-2069
19885,-36,-244,-2010
19906,112,-356,-1991
19928,92,-264,-1976
19948,-28,-324,-1948
19970,100,-380,-1944
19991,24,-324,-1951
20012,12,-384,-1932
20033,32,-360,-1909
20054,184,-352,-1894
20075,108,-324,-1897
20097,56,-336,-1869
20117,112,-296,-1843
20139,176,-356,-1832
20160,108,-368,-1827
20182,96,-252,-1813
20202,88,-312,-1806
20224,72,-356,-1762
20244,36,-244,-1784
20265,140,-248,-1741
20336,120,-328,-1707
20358,-44,-332,-1677
20379,-64,-392,-1684
20400,140,-292,-1657
20421,28,-220,-1632
20443,120,-292,-1641
20464,24,-328,-1617
,52,-324,-1597
20509,88,-284,-1593
20531,132,-340,-1557
20551,28,-308,-1555
20581,84,-264,-1546
20602,84,-348,-1517
20624,76,-348,-1522
20644,96,-256,-1510
20666,224,-292,-1478
20687,-8,-344,-1480
20708,8,-316,-1462
20729,60,-312,-1455
20751,52,-232,-1447
20808,172,-364,-1404
20830,64,-296,-1399
20851,140,-256,-1397
20873,-16,-300,-1356
20896,84,-364,-1376
20918,68,-340,-1364
20939,28,-232,-1334
20960,160,-304,-1344
20981,28,-340,-1290
21003,124,-276,-1300
21023,0,-284,-1271
21045,64,-272,-1280
21066,68,-244,-1250
21087,44,-256,-1248
21108,52,-268,-1242
21130,100,-264,-1243
21151,72,-240,-1199
21172,108,-340,-1201
21193,84,-304,-1183
21215,128,-284,-1173
21273,148,-288,-1146
21294,60,-272,-1131
21315,144,-280,-1118
21337,72,-296,-1114
21358,104,-256,-1090
21379,36,-292,-1097
21400,132,-388,-1058
21422,92,-328,-1043
21445,96,-332,-1048
21467,136,-268,-1041
21488,100,-256,-1043
21510,40,-308,-1015
21530,-48,-220,-1015
21552,68,-328,-987
21573,40,-312,-970
21594,72,-324,-968
21615,68,-300,-955
21637,108,-280,-946
21657,60,-328,-942
21679,92,-208,-908
21737,24,-236,-885
21757,156,-248,-870
21779,56,-176,-864
21800,64,-308,-858
21829,0,-316,-837
21851,-40,-320,-815
21871,88,-284,-798
21893,104,-280,-797
21914,12,-356,-785
21935,244,-288,-759
21956,60,-364,-756
21978,96,-204,-739
21999,-12,-324,-749
22023,64,-372,-720
22044,84,-356,-716
22066,108,-248,-709
22086,136,-276,-691
22108,172,-320,-675
22129,80,-364,-662
22151,56,-276,-630
22209,-40,-328,-613
22230,56,-336,-577
22251,68,-248,-566
22273,120,-296,-583
22293,180,-204,-549
22315,64,-308,-537
22336,60,-228,-538
22356,68,-368,-511
22378,132,-316,-517
22400,0,-256,-485
22420,128,-252,-472
22441,148,-324,-461
22463,52,-300,-430
22484,84,-264,-425
22505,72,-256,-423
22526,0,-352,-398
22548,-4,-240,-387
22568,180,-232,-382
22593,40,-336,-368
22615,92,-240,-354
22673,88,-312,-330
22693,144,-216,-321
22715,80,-408,-309
22736,-8,-336,-302
22757,-4,-268,-278
22778,120,-324,-279
22800,-12,-192,-238
22820,64,-196,-247
22842,156,-300,-225
22863,68,-324,-202
22884,220,-280,-215
22905,136,-144,-187
22927,44,-276,-170
22948,-20,-256,-178
22969,116,-176,-163
22990,68,-176,-145
23012,32,-220,-134
23041,100,-312,-116
23062,144,-356,-101
23083,-60,-232,-112
23141,140,-256,-64
23162,120,-324,-59
23183,60,-220,-52
23207,48,-220,-28
23229,132,-308,-53
23249,-64,-240,-24
23271,48,-344,13
23291,-12,-292,6
23313,132,-316,3
23334,156,-276,49
23355,28,-148,40
23376,152,-276,44
23397,40,-344,71
23418,44,-272,71
23440,56,-184,54
23460,76,-384,63
23482,88,-268,74
23502,116,-332,58
23524,40,-448,82
23544,164,-272,26
23603,144,-288,71
23624,40,-288,69
23645,132,-268,72
23666,168,-252,71
23688,100,-248,67
23708,52,-264,51
23730,108,-276,67
23750,40,-192,67
23772,8,-312,72
23793,184,-456,75
23814,244,-356,70
23838,160,-188,84
23860,156,-408,83
23880,204,-136,91
23902,-1160,-28,69
23923,120,-524,88
23944,48,-324,65
23965,124,-300,73
23986,116,-772,79
24007,216,-840,53
24065,64,-512,2
24086,152,-80,20
24108,176,-456,32
24128,68,-360,30
24150,44,-204,12
24170,112,-448,17
24192,96,-504,27
24213,116,-192,39
24233,220,-508,34
24255,48,-608,34
24284,60,-600,62
24305,196,-212,1
24326,172,-436,-28
24347,312,-356,-53
24368,144,-384,-96
24389,136,-760,-107
24411,128,-444,-96
24431,72,-408,-130
24456,268,-440,-98
24477,924,-7404,-219
24535,244,-660,-86
24556,208,-704,-119
24578,20,-496,-132
24598,244,-532,-164
24620,64,-640,-171
24641,60,-824,-172
24662,160,-488,-72
24683,68,-20,-61
24704,-32,124,-101
24725,-112,-424,-8
24747,-20,-332,14
24767,188,-616,57
24788,104,-416,45
24810,-16,-176,62
24830,196,-492,88
24852,16,-280,101
24872,-20,-328,102
24894,0,-280,153
24914,-36,-384,183
24936,288,-228,212
24993,-96,-336,266
25015,40,-232,249
25036,-132,-508,272
25057,32,-436,282
26460,28,236,-33
26481,192,-428,15
26502,72,88,33
26523,184,-148,48
26544,168,-204,36
26565,252,28,74
26586,196,-220,30
26607,96,-92,18
26629,96,28,40
26649,76,84,-6
26671,428,-692,-6
26691,264,260,10
26713,-36,32,-46
26733,-696,40,-78
26755,68,-540,-32
26776,-20,292,-32
26833,108,76,-38
26855,24,-124,-20
26875,252,-12,1
26897,136,-208,12
26926,212,60,54
26946,8,-88,99
26968,204,124,116

448,4,-588,-20
468,-64,304,-10
490,2844,-12400,270
512,676,2380,189
532,472,2784,-231
557,-224,348,49
578,-680,-724,-154
599,-432,216,192
620,184,-1188,264
641,-48,-148,324
662,-24,-308,320
684,192,-728,331
704,96,-1852,228
769,212,-1120,195
790,244,-788,235
811,332,-472,101
840,144,-1276,38
862,24,-244,-11
882,352,-848,-22
904,256,-472,-13
924,184,-512,-45
946,-72,-700,4
966,248,-576,-40
988,132,-468,-15
1008,32,28,-50
1030,84,-216,-126
1050,156,-584,-109
1072,-16,-288,-146
1093,96,-548,-114
1114,-112,-304,-116
1135,-8,-300,-111
1157,80,-460,-113
1177,88,-460,-66
1202,0,-396,-85
1265,24,-544,-56
1287,-4,-360,-51
1307,68,-324,-72
2991,784,2264,412
3012,1056,924,87
3034,216,-1308,129
3054,44,-468,205
3076,84,-960,277
3097,-44,-560,317
3118,276,-620,347
3139,120,-384,317
3160,-40,-172,333
3181,144,-684,346
3203,212,-380,349
3223,132,-140,341
3245,-20,-324,278
3266,4,-308,301
3287,120,-268,289
3308,192,-384,274
3329,304,-380,260
3387,180,-196,236
3407,68,-328,227
3429,136,-236,209
3449,164,-184,180
3471,120,-436,161
3492,124,-344,155
3516,168,-228,127
3537,148,-324,98
3559,224,-260,105
3579,96,-324,83
3601,92,-348,62
3621,44,-256,62
3643,36,-260,64
3663,92,-392,75
3685,84,-368,57
3714,132,-372,66
3734,32,-264,81
3756,124,-368,49
3777,80,-340,66
3798,88,-344,50
3856,164,-332,48
3876,188,-380,71
3898,144,-404,50
3919,8,-240,56
3940,204,-360,58
3961,104,-324,44
3982,52,-296,16
4003,152,-352,-10
4025,20,-324,11
4045,-28,-428,13
4067,40,-348,43
4087,140,-288,86
4109,164,-184,105
4130,104,-312,103
4151,176,-380,93
4175,140,-380,84
4197,-44,-324,89
4217,84,-256,79
4239,48,-300,134
4259,56,-408,131
4318,0,-436,286
4338,-112,-420,351
4360,28,-408,423
4380,144,-380,525
4402,-44,-348,559
4423,80,-236,544
4444,428,-164,400
4465,772,-216,86
4486,1012,-420,-409
4507,1048,-520,-916
4529,1156,-280,-1519
4549,1472,-208,-2191
4571,1084,-232,-2983
4592,1236,-420,-3729
4614,1528,-312,-4522
4634,1732,-172,-5392
4656,1888,-496,-6428
4677,2124,-724,-7556
4699,2240,-768,-8781
4719,2196,-700,-10034
4777,2116,-1072,-13291
4802,2372,-1336,-14797
4824,2444,-1668,-16131
4845,2400,-1812,-17529
4867,2804,-2028,-18989
4887,2788,-2296,-20540
4909,2552,-2584,-22098
4930,2520,-3040,-23587
4960,2676,-3348,-25628
4980,2804,-3576,-27084
5002,3016,-4124,-28586
5023,2936,-4448,-30164
5045,2108,-4820,-31599
5066,1524,-5448,-32696
5087,-340,-6032,-32768
5108,-664,-5408,-32768
5130,-600,-5408,-32768
5151,-44,-5576,-32768
5173,404,-5396,-32768
5193,624,-5340,-32768
5253,-220,-5540,-32768
5293,-16,-5292,-32669
5317,-192,-5068,-32591
5339,-224,-5280,-32452
5360,-184,-5372,-32360
5381,-60,-5152,-32214
5402,-200,-5092,-32101
5424,-116,-5028,-31965
5445,68,-5136,-31878
5466,-16,-5196,-31735
5487,-284,-5052,-31626
5509,-180,-4916,-31504
5530,-80,-4880,-31356
5552,-116,-5132,-31253
5572,-96,-5004,-31132
5594,-160,-4864,-30966
5615,-208,-4876,-30836
5637,-112,-4836,-30679
5657,8,-4864,-30578
5679,-176,-4720,-30453
5745,112,-4728,-30137
5767,172,-4608,-30063
5788,-64,-4640,-29986
5809,-100,-4652,-29874
5833,44,-4712,-29761
5855,-16,-4644,-29669
5876,80,-4456,-29581
5897,24,-4440,-29533
5918,-8,-4408,-29448
5940,144,-4480,-29392
5961,224,-4452,-29336
5982,4,-4396,-29275
6003,100,-4256,-29219
6025,64,-4488,-29152
6045,120,-4424,-29100
6067,200,-4412,-29028
6088,116,-4416,-29006
6110,92,-4272,-28914
6131,96,-4112,-28852
6152,116,-4236,-28797
6211,16,-4228,-28655
6240,196,-4088,-28581
6261,244,-4136,-28536
6283,208,-4196,-28494
6304,144,-4124,-28464
6325,200,-4164,-28417
6346,152,-4148,-28381
6371,52,-4060,-28330
6392,0,-3912,-28277
6414,120,-4040,-28236
6434,48,-4072,-28235
6456,224,-4216,-28191
6477,192,-4020,-28157
6499,108,-4044,-28103
6520,140,-4032,-28122
6541,152,-3960,-28073
6562,132,-4012,-28052
6584,132,-4024,-28024
6605,100,-3872,-27992
6627,28,-4000,-27957
6684,36,-4060,-27874
6706,-88,-4012,-27832
6727,112,-3856,-27782
6748,-8,-3968,-27754
6769,80,-3928,-27701
6791,-28,-3788,-27650
6812,-104,-3936,-27583
6833,60,-3944,-27508
6854,168,-3928,-27447
6879,-16,-3856,-27391
6900,-172,-3796,-27307
6921,-128,-3892,-27217
6942,4,-3872,-27124
6964,40,-3724,-27055
6985,-52,-3784,-26948
7007,-28,-3796,-26881
7027,-68,-3636,-26764
7049,-84,-3764,-26698
7070,20,-3604,-26607
7092,-112,-3720,-26520
7150,16,-3560,-26225
7172,24,-3540,-26113
7192,-116,-3632,-26009
7214,36,-3620,-25890
7235,-20,-3388,-25806
7257,-16,-3436,-25686
7278,-316,-3556,-25584
7299,-156,-3648,-25454
7320,-140,-3376,-25355
7342,-140,-3368,-25247
7363,44,-3348,-25127
7385,12,-3452,-25036
7409,-40,-3480,-24945
7438,52,-3160,-24833
7459,164,-3248,-24748
7481,152,-3360,-24671
7502,68,-3516,-24622
7523,-20,-3228,-24537
7544,-116,-3356,-24463
7566,40,-3172,-24375
7623,-64,-3180,-24183
7645,-52,-3148,-24119
7666,4,-3076,-24045
7688,120,-3052,-23985
7708,16,-3116,-23952
7730,-68,-3104,-23907
7751,136,-2972,-23838
7773,144,-2768,-23802
7793,168,-2896,-23744
7815,160,-3200,-23723
7836,76,-3252,-23661
7857,76,-2956,-23625
7878,44,-2940,-23574
7900,228,-2928,-23556
7924,100,-2960,-23507
7945,36,-3060,-23463
7966,20,-2948,-23414
7988,64,-2900,-23359
8009,188,-2948,-23331
8030,140,-2916,-23291
8088,180,-2852,-23157
8110,140,-2772,-23147
8131,196,-2880,-23099
8153,160,-2964,-23054
8174,156,-2752,-23035
8195,188,-2736,-23000
8216,132,-2780,-22966
8238,88,-2740,-22904
8259,268,-2828,-22879
8280,100,-2764,-22865
8301,172,-2748,-22829
8323,116,-2808,-22809
8344,-56,-2816,-22762
8366,-60,-2696,-22759
8386,36,-2708,-22715
8408,176,-2676,-22693
8429,124,-2800,-22694
8454,48,-2652,-22644
8474,88,-2664,-22617
8496,88,-2724,-22602
8554,108,-2648,-22530
8576,-136,-2736,-22509
8596,92,-2680,-22474
8617,4,-2688,-22471
8639,80,-2636,-22414
8659,124,-2648,-22412
8689,20,-2672,-22362
8711,-128,-2644,-22345
8731,120,-2636,-22309
8753,44,-2540,-22271
8774,-16,-2548,-22253
8796,-60,-2736,-22184
8816,-64,-2660,-22141
8838,-76,-2660,-22047
8859,-20,-2612,-22025
8881,-124,-2776,-21943
8902,-36,-2556,-21856
8923,-40,-2532,-21788
8944,-96,-2472,-21712
8969,-144,-2568,-21618
9027,72,-2348,-21398
9049,-124,-2484,-21319
9070,-24,-2484,-21244
9092,-144,-2504,-21175
9113,-100,-2488,-21108
9135,-92,-2364,-21014
9155,-152,-2420,-20937
9177,-176,-2520,-20826
9198,-140,-2468,-20733
9220,92,-2376,-20664
9241,-168,-2340,-20574
9263,-76,-2472,-20494
9283,-344,-2316,-20385
9305,-124,-2412,-20280
9326,-68,-2276,-20199
9348,-88,-2396,-20104
9369,-68,-2356,-20016
9391,4,-2268,-19939
9411,-32,-2224,-19868
9433,-172,-2200,-19789
9491,48,-2216,-19609
9516,24,-2184,-19506
9536,-16,-2180,-19458
9558,-108,-2216,-19371
9579,-120,-2188,-19294
9601,-4,-2148,-19237
9622,-12,-2104,-19167
9643,32,-2108,-19121
9664,72,-2128,-19079
9686,48,-1980,-18991
9707,176,-2156,-18967
9728,-20,-2184,-18896
9749,-32,-2056,-18875
9771,12,-2028,-18816
9792,48,-2032,-18755
9812,100,-2024,-18699
9834,36,-2052,-18678
9856,72,-1936,-18626
9877,20,-1992,-18567
9906,76,-2032,-18513
9964,132,-1896,-18403
9986,176,-1968,-18321
10006,120,-1880,-18304
10028,88,-1928,-18242
10052,52,-1900,-18197
10074,124,-1900,-18154
10095,128,-2096,-18082
10117,-52,-1944,-18052
10138,120,-1868,-18016
10159,64,-1904,-17930
10180,136,-1832,-17898
10202,168,-1992,-17860
10223,0,-1884,-17790
10245,152,-1868,-17746
10266,184,-1860,-17687
10287,-36,-1728,-17637
10308,28,-1880,-17577
10330,-16,-1792,-17531
10351,56,-1676,-17445
10373,64,-1776,-17401
10430,56,-1732,-17257
10451,144,-1760,-17189
10473,60,-1712,-17143
10494,-48,-1744,-17057
10515,116,-1720,-17039
10536,72,-1600,-16968
10565,-24,-1616,-16918
10587,-4,-1600,-16852
10608,28,-1688,-16818
10630,-20,-1576,-16749
10650,72,-1620,-16693
10672,104,-1568,-16657
10693,116,-1572,-16621
10715,28,-1676,-16580
10736,20,-1568,-16538
10757,60,-1524,-16471
10778,108,-1500,-16423
10800,-40,-1524,-16400
10821,-24,-1496,-16329
10843,72,-1620,-16290
10901,48,-1540,-16166
10921,44,-1568,-16135
10943,32,-1488,-16130
10964,-68,-1424,-16082
10986,24,-1548,-16037
11008,60,-1384,-16019
11028,8,-1596,-15979
11049,32,-1552,-15962
11074,0,-1548,-15906
11096,48,-1384,-15863
11117,168,-1476,-15807
11139,-36,-1452,-15779
11167,-56,-1480,-15710
11189,-52,-1408,-15697
11210,64,-1352,-15639
11231,28,-1400,-15581
11252,-148,-1528,-15533
11274,-216,-1568,-15533
11295,-68,-1440,-15453
11317,48,-1500,-15413
11375,-224,-1432,-15287
11396,0,-1420,-15232
11417,-48,-1312,-15208
11439,-188,-1412,-15157
11460,96,-1468,-15110
11482,-140,-1408,-15027
11502,-152,-1444,-14989
11524,-168,-1372,-14912
11545,68,-1332,-14863
11570,-108,-1388,-14805
11591,-216,-1304,-14742
11613,64,-1224,-14706
11633,-32,-1296,-14661
11655,-260,-1348,-14593
11676,-144,-1344,-14543
11698,-76,-1404,-14479
11719,-124,-1344,-14433
11740,-200,-1388,-14389
11761,-84,-1376,-14335
11783,-44,-1340,-14290
11841,-84,-1360,-14132
11863,-92,-1216,-14078
11883,-8,-1396,-14022
11905,-12,-1292,-13970
11926,-100,-1312,-13921
11948,-48,-1288,-13882
11969,-124,-1316,-13827
11990,64,-1416,-13793
12011,-64,-1340,-13750
12033,-212,-1348,-13709
12057,-132,-1304,-13638
12079,-128,-1292,-13589
12100,8,-1288,-13533
12121,-48,-1288,-13487
12142,-84,-1296,-13441
12164,-8,-1272,-13386
12185,-12,-1280,-13325
12207,-120,-1324,-13260
12227,-140,-1252,-13215
12249,44,-1316,-13149
12307,-116,-1228,-13039
12328,-76,-1116,-12987
12350,-64,-1200,-12956
12371,-80,-1216,-12914
12392,32,-1192,-12871
12422,92,-1288,-12820
12443,-20,-1140,-12794
12464,52,-1192,-12764
12485,32,-1156,-12762
12507,0,-1188,-12722
12528,44,-1244,-12681
12550,-100,-1076,-12664
12574,-128,-1060,-12596
12595,-40,-1264,-12570
12616,-92,-1232,-12533
12638,-60,-1112,-12483
12659,-4,-1076,-12472
12681,116,-1172,-12442
12702,72,-1144,-12384
12723,-96,-1072,-12367
12781,12,-1080,-12275
12803,-28,-1144,-12237
12824,140,-1248,-12190
12845,44,-1068,-12184
12866,12,-1116,-12156
12888,92,-1116,-12126
12909,116,-988,-12099
12930,132,-1036,-12073
12951,72,-1028,-12074
12973,116,-1048,-12033
12994,56,-1092,-12001
13015,12,-1220,-11989
13036,164,-1008,-11984
13058,252,-1032,-11957
13077,228,-1004,-11922
13097,-64,-1012,-11908
-11899
13144,160,-1104,-11883
13165,168,-1132,-11856
13187,84,-1128,-11855
13244,72,-1084,-11810
13265,148,-1012,-11782
13287,104,-1076,-11756
13308,92,-992,-11771
13329,80,-1044,-11753
13350,120,-1128,-11728
13372,64,-1012,-11702
13393,224,-1112,-11698
13415,28,-1052,-11692
13435,132,-956,-11676
13457,132,-1012,-11665
13478,120,-952,-11625
13500,180,-984,-11636
13521,60,-964,-11597
13542,84,-1008,-11594
13563,160,-956,-11586
13588,96,-868,-11558
13609,136,-964,-11534
13638,172,-944,-11545
13660,136,-944,-11501
13718,168,-908,-11463
13740,136,-996,-11437
13760,72,-1028,-11419
13782,88,-944,-11381
13803,20,-936,-11375
13824,4,-968,-11339
13845,132,-916,-11318
13867,92,-944,-11326
13888,84,-960,-11285
13910,92,-796,-11295
13930,40,-900,-11242
13952,172,-948,-11227
13973,148,-884,-11228
13995,-12,-920,-11211
14015,120,-848,-11184
14036,112,-864,-11154
14058,-4,-908,-11161
14080,48,-836,-11135
14100,44,-780,-11125
14125,108,-872,-11115
14183,-12,-912,-11046
14204,48,-852,-11025
14226,44,-876,-11010
14246,68,-972,-10997
14268,28,-844,-10980
14289,120,-828,-10947
14310,160,-848,-10941
14331,124,-840,-10899
14353,100,-852,-10896
14374,12,-952,-10846
14395,100,-932,-10851
14416,92,-840,-10803
14438,132,-880,-10754
14459,116,-824,-10740
14480,-64,-872,-10726
14501,28,-892,-10685
14523,28,-944,-10663
14543,120,-780,-10649
14565,120,-752,-10625
14586,80,-808,-10591
14645,-72,-800,-10549
14666,-40,-808,-10490
14695,80,-828,-10443
14718,0,-888,-10431
14742,-4,-780,-10394
14766,12,-764,-10349
14789,16,-800,-10334
14813,40,-668,-10298
14836,64,-768,-10268
14860,-60,-880,-10220
14883,84,-748,-10194
14907,20,-756,-10133
14939,-12,-908,-10110
14962,-108,-728,-10111
14986,-112,-760,-10060
15009,52,-836,-10022
15033,128,-696,-10002
15056,48,-716,-9983
15123,12,-840,-9886
15147,60,-848,-9862
15170,-4,-780,-9814
15194,-80,-776,-9775
15217,-68,-788,-9759
15241,-112,-820,-9704
15264,-92,-724,-9675
15291,28,-788,-9664
15314,-88,-852,-9617
15338,-40,-744,-9569
15363,-60,-800,-9546
15386,-88,-764,-9500
15410,-16,-776,-9460
15433,-124,-784,-9417
15457,-140,-772,-9333
15480,-24,-756,-9269
15504,-20,-700,-9232
15527,24,-700,-9191
15551,-96,-808,-9136
15575,-60,-720,-9065
15636,-92,-732,-8919
15660,-92,-740,-8853
15683,-52,-772,-8813
15707,-124,-616,-8749
15730,-116,-744,-8705
15754,-8,-796,-8651
15777,-148,-728,-8603
15801,-164,-748,-8560
15824,-148,-700,-8491
15848,-120,-756,-8465
15875,-100,-664,-8403
15898,-40,-660,-8360
15923,-120,-668,-8328
15946,-72,-740,-8290
15970,-36,-756,-8234
15993,-16,-624,-8182
16017,-168,-788,-8119
16040,-164,-660,-8083
16064,-88,-640,-8030
16088,-80,-604,-7970
16149,-268,-612,-7852
16173,-60,-708,-7783
16196,-80,-764,-7733
16220,-152,-688,-7701
16243,-124,-684,-7634
16267,-52,-772,-7569
16291,-136,-608,-7509
16322,-140,-620,-7453
16346,-52,-768,-7389
16369,-100,-688,-7334
16394,-88,-664,-7260
16417,24,-648,-7219
16441,-152,-628,-7144
16462,-88,-676,-7097
16486,-116,-600,-7036
16509,-168,-660,-6980
16533,-20,-692,-6938
16557,-200,-700,-6855
16580,-124,-692,-6801
16604,-92,-676,-6741
16664,-44,-664,-6588
16688,-88,-660,-6534
16711,-52,-580,-6479
16735,40,-528,-6403
16758,-52,-552,-6354
16782,-72,-680,-6284
16805,-64,-616,-6240
16830,-96,-608,-6174
16854,-68,-628,-6120
16877,-80,-664,-6069
16901,-88,-544,-5990
16924,-72,-660,-5934
16948,-96,-640,-5889
16971,-100,-628,-5826
16995,-4,-632,-5774
17018,-92,-640,-5732
17045,-64,-512,-5659
17069,-36,-660,-5603
17092,20,-612,-5570
17116,40,-500,-5527
17176,28,-600,-5429
17201,12,-544,-5399
17224,4,-488,-5371
17248,36,-560,-5332
17271,28,-648,-5334
17295,60,-484,-5282
17318,-24,-500,-5260
17342,184,-588,-5231
17366,-72,-620,-5186
17389,116,-536,-5138
17413,44,-620,-5109
17436,4,-484,-5062
17460,24,-488,-5033
17483,16,-532,-4995
17507,80,-540,-4947
17530,80,-604,-4934
17554,36,-508,-4885
17577,-36,-544,-4851
17602,4,-592,-4821
17626,-8,-612,-4801
17688,-56,-436,-4703
17720,-40,-560,-4677
17743,44,-572,-4646
17767,-64,-592,-4601
17790,-40,-524,-4571
17814,136,-528,-4553
17838,-56,-476,-4525
17861,4,-504,-4505
17885,100,-524,-4461
17908,36,-552,-4451
17932,4,-580,-4443
17955,0,-628,-4406
17979,-28,-612,-4364
18003,-36,-552,-4340
18027,132,-524,-4334
18051,84,-444,-4293
18074,16,-520,-4275
18098,148,-540,-4242
18121,12,-552,-4210
18145,0,-464,-4181
18205,132,-484,-4086
18229,4,-588,-4062
18252,-32,-484,-4010
18276,140,-528,-3998
18302,24,-568,-3949
18326,-28,-532,-3925
18350,44,-568,-3882
18373,16,-448,-3862
18397,72,-536,-3838
18420,80,-516,-3826
18444,68,-516,-3782
18467,248,-484,-3758
18492,96,-512,-3757
18515,52,-472,-3715
18539,-4,-544,-3705
18563,84,-428,-3666
18586,40,-572,-3623
18610,44,-472,-3636
18633,92,-428,-3599
18657,0,-540,-3598
18717,44,-504,-3508
18741,72,-520,-3506
18764,-28,-492,-3465
18788,112,-512,-3441
18811,24,-560,-3419
18835,68,-332,-3397
18859,168,-444,-3361
18882,96,-536,-3331
18909,124,-408,-3323
18932,144,-500,-3279
18956,40,-472,-3246
18979,104,-488,-3224
19003,100,-436,-3214
19035,76,-524,-3170
19058,124,-512,-3142
19082,32,-460,-3125
19105,100,-512,-3090
19129,72,-440,-3062
19152,-12,-516,-3027
19176,16,-456,-3018
19236,-32,-448,-2939
19260,84,-340,-2922
19283,52,-488,-2871
19307,48,-316,-2877
19331,156,-476,-2838
19354,64,-548,-2814
19378,132,-376,-2780
19401,92,-460,-2741
19425,104,-344,-2717
19448,88,-468,-2711
19472,4,-500,-2667
19495,24,-428,-2646
19522,100,-380,-2613
19546,72,-508,-2599
19569,44,-536,-2533
19593,144,-476,-2520
19616,124,-416,-2501
19640,-8,-476,-2481
19663,72,-420,-2461
19687,36,-332,-2422
19747,12,-528,-2347
19771,120,-380,-2331
19794,36,-348,-2293
19818,108,-432,-2266
19842,124,-404,-2221
19865,96,-352,-2215
19889,0,-372,-2188
19912,180,-568,-2129
19936,132,-420,-2113
19959,60,-344,-2099
19983,220,-368,-2077
20006,-4,-336,-2053
20030,84,-392,-2019
20054,256,-520,-1995
20077,24,-464,-1944
20101,60,-432,-1943
20127,76,-376,-1912
20151,64,-540,-1901
20174,112,-340,-1851
20198,48,-308,-1832
20258,12,-308,-1757
20282,108,-396,-1740
20305,108,-424,-1697
20329,176,-428,-1686
20354,56,-408,-1671
20377,176,-444,-1633
20408,132,-508,-1595
20431,48,-404,-1599
20455,160,-416,-1541
20478,196,-388,-1506
20502,100,-324,-1479
20526,72,-416,-1466
20549,136,-436,-1440
20573,36,-380,-1409
20596,100,-356,-1388
20620,92,-452,-1370
20643,56,-404,-1328
20667,64,-476,-1296
20690,20,-428,-1253
20714,80,-392,-1252
20779,84,-420,-1141
20802,12,-356,-1156
20826,-56,-372,-1128
20849,104,-376,-1091
20873,88,-392,-1092
20896,4,-428,-1050
20920,40,-368,-1016
20943,108,-428,-998
20967,84,-452,-969
20990,16,-348,-931
21014,136,-380,-913
21038,180,-436,-889
21061,132,-368,-871
21085,68,-468,-858
21108,140,-320,-840
21132,100,-416,-803
21155,152,-340,-767
21179,92,-488,-747
21202,188,-388,-721
21226,20,-372,-701
21286,104,-384,-633
21310,64,-388,-627
21334,48,-340,-591
21357,96,-320,-567
21384,68,-400,-546
21407,160,-448,-511
21431,120,-356,-486
21454,164,-364,-476
21478,48,-400,-444
21501,8,-408,-443
21525,116,-412,-394
21549,132,-412,-400
21572,72,-396,-346
21596,160,-260,-318
21619,64,-292,-290
21643,64,-268,-284
21666,80,-324,-272
21690,140,-360,-218
21713,-24,-400,-229
21748,192,-372,-176
21809,84,-472,-126
21832,128,-436,-108
21856,92,-452,-77
21879,156,-468,-67
21903,132,-360,-42
21926,116,-332,-20
21950,-40,-396,5
21974,136,-320,43
21997,92,-356,19
22021,200,-396,44
22047,164,-372,51
22071,84,-320,69
22094,56,-444,51
22118,116,-288,75
22141,124,-376,73
22165,120,-360,74
22189,116,-312,65
22212,68,-344,51
22236,160,-424,53
22259,116,-416,46
22320,136,-408,91
22343,200,-484,44
22367,116,-448,68
22390,156,-484,64
22413,160,-416,62
22436,84,-308,66
22460,148,-320,52
22483,168,-308,54
22507,120,-328,41
22531,108,-320,59
22554,92,-384,57
22578,156,-280,79
22601,188,-320,62
22625,212,-384,69
22648,84,-344,73
22672,128,-540,72
22695,192,-416,54
22722,108,-424,73
22745,156,-404,63
22768,232,-444,72
22830,-20,-236,53
22873,252,-420,69
22896,160,-392,66
22920,116,-372,65
22943,96,-372,54
22966,288,-344,67
22989,72,-316,47
23013,240,-288,51
23036,216,-368,78
23060,76,-408,87
23084,108,-380,42
23129,20,-260,71
23152,152,-324,84
23176,196,-224,67
23199,44,-356,71
23223,220,-116,54
23246,240,-676,89
23270,60,-420,117
23293,-48,-604,141
23317,80,-684,132
23378,244,-108,94
23402,120,-552,59
23426,60,-244,20
23449,60,-364,-3
23476,-16,-524,41
23499,16,-620,63
23522,144,-400,120
23545,416,-320,80
23569,112,188,48
23592,248,-344,58
23616,48,-256,67
23640,100,-280,36
23663,184,-172,46
23687,104,-532,12
23710,84,-724,24
23734,156,-488,76
23757,176,-424,94
23781,116,-464,74
23803,132,-500,93
23827,204,-476,95
23888,320,-412,93
23912,132,-696,134
23936,244,-656,141
23959,144,-544,180
23983,208,-524,196
24006,152,-588,167
24030,156,-604,167
24053,308,-648,140
24077,160,-576,135
24100,260,-380,128
24124,180,-752,119
24151,244,-588,129
24174,252,-696,140
24198,-20,-900,109
24221,44,-628,108
24245,256,-752,86
24268,192,-672,108
24292,196,-380,107
24335,420,148,533
24359,416,-944,151
24420,192,-824,122
24443,260,-956,121
24467,240,-844,150
24502,248,-892,128
24525,320,-996,104
24549,208,-932,80
24572,168,-628,57
24595,304,-176,69
24619,100,152,125
24642,-36,-56,31
24666,248,-588,57
24689,28,-356,86
24713,-8,-440,-2
24736,72,-512,57
24760,44,-424,60
24783,208,-480,59
24807,112,-284,58
24830,132,-392,68
24852,56,-460,63
24876,80,-324,53
24936,48,-500,45
24960,96,-368,72
24983,192,-396,44
25007,116,-480,50
25030,96,-416,78
25054,188,76,7
25077,112,-660,83
25100,188,-216,63
25123,228,-460,64
25147,-36,-504,59
25170,-28,-484,82
25194,160,-316,60
25218,64,-556,44
25241,160,-312,59
25265,184,-496,63
25288,176,-332,78
25312,120,-372,54
25335,196,-508,63
25359,120,-344,43
25382,140,-164,45
25443,128,-324,45
25466,112,-556,49
25490,224,-320,64
25513,228,-624,47
25537,60,-388,37
25564,244,-448,56
25587,148,-504,48
25611,160,-544,89
25634,76,-204,55
25658,-4,-432,55
25681,180,-272,63
25704,88,-604,36
25728,136,-124,49
25751,104,-788,8
25775,108,-404,-32
25798,208,-452,-40
25833,156,-368,-40
25857,176,-368,-68
25880,216,-464,-50
25904,168,-504,-97
25964,40,-548,-104
25988,232,-720,-107
26011,156,-468,-132
26036,208,-484,-137
26059,216,-508,-192
26083,288,-500,-211
26106,240,-528,-261
26130,184,-544,-269
26153,212,-520,-285
26177,200,-704,-323
26201,184,-500,-340
26227,332,-440,-362
26251,276,-440,-385
26274,232,-224,-389
26298,140,-388,-399
26321,128,-148,-396
26345,208,-384,-376
26369,244,-372,-368
26392,112,-436,-341
26416,-12,-376,-305
26476,44,-328,-266
26500,168,-288,-275
26523,144,-224,-226
26547,220,-512,-210
26570,104,-288,-218
26594,100,-260,-168
26617,120,-148,-108
26641,64,-500,-118
26664,20,-240,-41
26688,24,-232,-56
26712,160,-720,11
26735,144,-436,22
26759,36,-380,64
26782,128,-480,89
26806,152,-520,110
26829,180,-316,84
26856,160,-252,90
26880,-36,-268,104
26903,128,-328,94
26927,84,-268,91
26987,132,-320,95
27011,240,-332,114
27034,88,-376,108
27058,216,-264,61
27080,380,-348,64
27104,108,-320,61
27127,180,-272,64
27151,72,-320,57
27186,84,-336,49
27209,128,-268,78
27233,108,-448,51
27256,180,-264,66
27280,136,-328,91
27303,184,-288,74
27327,88,-196,69
27351,152,-348,50
27373,112,-288,73
27397,132,-252,73
27420,52,-236,60
27444,116,-352,61
27504,120,-320,62
27528,156,-220,47
27551,180,-372,67
27578,188,-220,74
27601,48,-332,76
27625,132,-308,57
27649,132,-300,63
27672,184,-304,57
27696,4,-280,50
27719,108,-352,69
27743,244,-360,64
27766,36,-276,54
27790,144,-372,85
27813,96,-384,65
27837,392,-356,52
27860,36,-384,52
27883,108,-384,59
27907,156,-344,63
27930,148,-256,64
27954,84,-284,56
28014,92,-312,65
28038,216,-320,71
28061,156,-312,65
28085,208,-296,83
28108,12,-192,61
28132,152,-332,67
28155,100,-276,69
28179,180,-336,71
28201,196,-308,52
28225,140,-280,42
28249,192,-176,48
28270,324,-276,73
28294,532,-324,49
