time,AcX,AcY,GyZ
1053,136,-624,64
1075,124,-444,62
1095,-72,-240,31
1117,96,-604,55
1138,-88,-368,83
1159,68,-508,38
1180,32,-552,76
1969,136,-756,63
1990,76,-448,68
2011,88,-568,71
2032,48,-360,66
2053,108,-124,51
2074,124,-772,35
2095,-4,-708,78
2116,16,-1300,5
2137,864,-3124,137
2158,128,72,67
2179,-24,-200,9
2200,268,-1072,54
2263,100,-608,67
2284,-168,-620,90
2313,208,-500,87
2334,192,-548,62
2355,72,-636,43
2376,48,-800,86
2397,296,-704,91
2418,112,-572,67
2440,48,-840,44
2460,-84,-796,56
2479,-48,-1144,75
2500,-200,-480,54
2522,416,-1532,126
2542,2536,-488,-74
2564,888,-680,-66
2584,108,-916,49
2606,380,-684,86
2627,168,-332,61
2648,348,-724,36
2669,116,-916,82
2690,132,-636,97
2747,92,-728,51
2768,52,-824,66
2789,204,-680,58
2810,268,-736,63
2831,168,-640,75
2852,72,-664,65
2874,160,-804,68
2894,220,-800,53
2916,144,-452,70
2936,88,-536,72
2958,104,-744,90
7111,492,-1272,409
7133,420,-692,401
7972,-52,-904,-238
7994,-212,-1088,-233
8014,48,-1112,-187
8039,92,-1048,-155
8100,432,-372,-52
8121,276,-304,-9
8142,0,-1452,2
11162,-1112,5256,12
11227,0,-1148,60
11248,92,-804,69
11269,-4,-852,72
11290,-116,-944,56
11311,-148,-1012,36
11332,100,-992,16
11354,152,-1244,-23
11374,36,-1108,-16
11396,36,-1020,7
11417,16,-876,7
11438,48,-904,23
11459,-4,-940,16
11480,180,-948,19
11501,160,-696,10
11530,-48,-700,2
11551,-12,-636,33
11572,-104,-676,-19
11593,-64,-636,13
11614,-84,-860,11
11635,84,-696,27
11657,108,-728,20
11713,-176,-780,73
11738,104,-660,29
11759,168,-724,53
11780,204,-868,58
11801,80,-656,72
11822,-20,-456,51
11843,28,-640,50
11865,124,-764,75
11885,-8,-532,68
11907,48,-612,56
11927,104,-612,46
11949,120,-620,68
11970,116,-672,72
11991,4,-732,58
12012,72,-576,37
12033,168,-616,65
12054,-40,-664,52
12075,4,-616,65
12096,108,-700,76
12116,-24,-680,66
12138,80,-564,70
12195,-20,-560,66
12216,-24,-596,69
12237,20,-672,56
12258,108,-680,70
12279,92,-632,44
12300,84,-696,53
12321,-32,-672,54
12343,-16,-676,65
12366,-40,-556,65
12388,112,-668,46
12408,108,-692,60
12430,32,-640,78
12451,12,-588,53
12472,80,-708,59
12493,12,-648,64
12514,8,-560,59
12535,-8,-628,64
12556,136,-680,63
12577,100,-624,66
12599,-28,-712,68
12619,-60,-640,59
12677,100,-756,38
12698,84,-340,-9
12719,-32,-600,7
12740,-60,-708,-12
12769,412,-764,-24
12790,696,-340,-234
12811,776,-416,-604
12832,1396,-508,-1256
12854,1376,-772,-2077
12874,1600,-808,-2943
12896,1548,-844,-3842
12917,1888,-500,-4805
12939,1616,-380,-5797
12962,1688,-980,-6968
12984,1800,-1236,-7962
13005,2088,-1000,-8999
13027,2244,-792,-10127
13048,2272,-1084,-11366
13069,2300,-1360,-12711
13090,2780,-1152,-14180
13112,2708,-1856,-15705
13169,2732,-2200,-19848
13191,2560,-2544,-21433
13212,2584,-2988,-22947
13234,2908,-3584,-24347
13255,3392,-3604,-26002
13276,3064,-3896,-27602
13297,2780,-4248,-29214
13319,2892,-5004,-30715
13340,3252,-5128,-32196
13362,3616,-5896,-32768
13383,3504,-6328,-32768
13404,2772,-7172,-32768
13425,1840,-8564,-32768
13450,636,-8096,-32768
13471,988,-7284,-32768
13493,256,-6996,-32768
13513,236,-7136,-32768
13535,84,-8056,-32768
13556,532,-8392,-32768
13578,484,-7940,-32768
13598,452,-7668,-32768
13656,168,-7892,-32768
13677,16,-7960,-32768
13699,216,-7668,-32768
13720,308,-7476,-32768
13741,304,-7644,-32768
13762,444,-7696,-32768
13784,452,-7596,-32768
13805,468,-7656,-32768
13827,220,-7504,-32768
13847,44,-7480,-32768
13869,16,-7540,-32768
13890,92,-7452,-32768
13912,292,-7484,-32768
13936,164,-7540,-32768
13965,-36,-7392,-32768
13986,124,-7420,-32768
14008,-60,-7268,-32768
14029,40,-7116,-32768
14050,-180,-7228,-32768
14071,-40,-7224,-32768
14093,4,-7276,-32768
14150,36,-7072,-32768
14172,24,-7060,-32768
14193,72,-6924,-32768
14214,-20,-6732,-32768
14235,-340,-6788,-32768
14257,-68,-6896,-32768
14278,84,-6708,-32768
14300,92,-6736,-32768
14320,96,-6652,-32768
14342,20,-6440,-32768
14363,164,-6488,-32768
14385,208,-6540,-32768
14405,204,-6408,-32768
14427,24,-6492,-32768
14451,184,-6492,-32768
14473,196,-6472,-32768
14494,424,-6284,-32768
14516,452,-6292,-32768
14536,332,-6296,-32768
14558,252,-6328,-32768
14579,172,-6188,-32768
14637,364,-6184,-32768
14658,332,-6124,-32768
14680,312,-6188,-32768
14700,224,-6012,-32768
14722,208,-6048,-32768
14743,252,-6060,-32768
14765,272,-6040,-32768
14786,244,-5900,-32768
14807,148,-5968,-32768
14828,172,-5864,-32768
14850,160,-5872,-32768
14871,320,-5800,-32768
14893,292,-5848,-32768
14914,404,-5792,-32768
14938,340,-5732,-32768
14959,336,-5944,-32768
14981,232,-5924,-32768
15002,268,-5852,-32768
15024,232,-5768,-32768
15044,224,-5692,-32768
15066,232,-5588,-32768
15124,228,-5780,-32768
15145,308,-5784,-32768
15166,172,-5604,-32768
15187,108,-5712,-32768
15218,276,-5628,-32768
15240,164,-5548,-32768
15261,208,-5708,-32768
15283,24,-5816,-32665
15304,-16,-5816,-32589
15326,12,-5488,-32514
15346,132,-5424,-32393
15368,-56,-5496,-32295
15389,100,-5672,-32196
15411,-52,-5468,-32075
15432,32,-5388,-31940
15457,48,-5376,-31835
15477,-4,-5476,-31701
15499,-124,-5448,-31593
15520,-92,-5292,-31457
15542,28,-5204,-31314
15563,128,-5232,-31200
15622,-200,-5244,-30875
15643,44,-5232,-30747
15665,12,-5108,-30628
15686,116,-5128,-30522
15707,-48,-5068,-30431
15728,140,-5012,-30355
15750,112,-5248,-30230
15771,156,-5064,-30169
15792,236,-4872,-30070
15813,-24,-4884,-29986
15835,120,-4912,-29899
15856,72,-4952,-29829
15878,180,-4876,-29786
15898,116,-4832,-29691
15920,184,-4596,-29620
15944,132,-4852,-29560
15966,296,-4940,-29527
15987,196,-4816,-29455
16008,212,-4724,-29399
16029,100,-4660,-29347
16051,188,-4580,-29272
16116,156,-4616,-29128
16137,60,-4696,-29074
16158,64,-4532,-28978
16180,248,-4548,-28976
16201,196,-4608,-28956
16222,276,-4588,-28898
16243,136,-4544,-28861
16265,300,-4548,-28792
16286,220,-4468,-28756
16308,308,-4440,-28725
16328,380,-4624,-28698
16350,300,-4552,-28662
16371,140,-4380,-28644
16393,188,-4420,-28620
16414,60,-4456,-28552
16443,348,-4360,-28520
16467,256,-4428,-28495
16489,148,-4416,-28470
16510,164,-4400,-28447
16531,48,-4464,-28412
16552,164,-4388,-28389
16610,184,-4336,-28305
16631,228,-4240,-28239
16653,216,-4396,-28230
16674,168,-4304,-28189
16695,204,-4280,-28127
16716,160,-4184,-28079
16738,120,-4372,-28025
16759,80,-4288,-27975
16781,92,-4272,-27933
16801,136,-4268,-27845
16823,172,-4260,-27805
16844,12,-4264,-27717
16866,-28,-4232,-27632
16887,108,-4224,-27535
16908,-60,-4168,-27436
16929,-16,-4128,-27355
16954,-28,-4200,-27227
16975,68,-4060,-27154
16997,-124,-4024,-27068
17017,-168,-3964,-26955
17039,36,-4020,-26879
17097,-112,-4044,-26598
17118,-108,-4096,-26434
17139,-76,-3812,-26336
17161,36,-3832,-26223
17182,-48,-3952,-26114
17204,40,-3860,-26005
17224,-64,-3836,-25899
17246,-72,-3736,-25790
17267,-8,-3816,-25685
17289,36,-3664,-25564
17309,-40,-3784,-25492
17331,-112,-3812,-25369
17352,20,-3604,-25250
17374,64,-3564,-25189
17395,20,-3768,-25086
17416,180,-3624,-25000
17437,-4,-3656,-24937
17462,76,-3540,-24835
17483,12,-3668,-24770
17505,64,-3760,-24701
17525,120,-3464,-24625
17584,148,-3620,-24443
17604,-88,-3636,-24403
17626,76,-3492,-24339
17647,104,-3272,-24274
17676,160,-3332,-24177
17697,176,-3512,-24130
17719,16,-3404,-24061
17740,56,-3296,-24007
17762,216,-3296,-23964
17782,176,-3308,-23908
17804,104,-3316,-23820
17825,72,-3464,-23786
17847,172,-3308,-23713
17868,224,-3240,-23673
17889,176,-3204,-23628
17910,132,-3320,-23557
17932,8,-3232,-23510
17956,152,-3176,-23425
17978,136,-3196,-23362
17998,196,-3180,-23348
18020,216,-3096,-23300
18077,200,-3020,-23157
18099,212,-3088,-23104
18120,164,-3012,-23038
18142,92,-3132,-23025
18162,120,-3008,-22974
18184,68,-3116,-22907
18205,40,-3000,-22903
18227,148,-2996,-22859
18247,156,-3016,-22831
18269,140,-2984,-22770
18290,268,-3024,-22771
18312,248,-3028,-22762
18333,24,-3076,-22724
18354,224,-3024,-22696
18375,140,-2940,-22703
18397,84,-2952,-22670
18418,136,-3028,-22644
18439,84,-2908,-22627
18463,172,-2932,-22581
18485,196,-2976,-22584
18506,140,-2928,-22550
18564,48,-2992,-22497
18585,152,-2944,-22481
18606,212,-2928,-22429
18627,20,-2832,-22400
18649,-160,-2904,-22376
18670,96,-2996,-22354
18692,-76,-2772,-22342
18712,96,-2808,-22333
18734,-32,-2960,-22258
18755,84,-2928,-22218
18777,52,-2980,-22185
18797,92,-2816,-22138
18819,-84,-2956,-22094
18840,-36,-2784,-22055
18862,-88,-2828,-21978
18890,20,-2844,-21899
18912,132,-2880,-21827
18933,-100,-2812,-21772
18958,-180,-2776,-21677
18979,-136,-2848,-21613
19000,72,-2756,-21520
19058,-60,-2848,-21311
19080,-24,-2856,-21221
19100,-24,-2636,-21150
19122,48,-2636,-21056
19143,32,-2788,-20979
19165,-152,-2736,-20887
19186,-160,-2664,-20785
19208,-16,-2668,-20747
19228,100,-2584,-20657
19250,-32,-2608,-20576
19271,-40,-2648,-20472
19293,-164,-2616,-20385
19314,-40,-2468,-20299
19336,-12,-2516,-20196
19356,28,-2676,-20128
19378,-44,-2544,-20050
19399,-32,-2544,-20005
19421,24,-2520,-19924
19442,60,-2508,-19837
19466,-36,-2540,-19763
19487,8,-2520,-19704
19545,132,-2424,-19521
19566,20,-2572,-19485
19588,4,-2408,-19394
19608,-84,-2388,-19324
19630,-40,-2476,-19249
19651,68,-2444,-19201
19673,12,-2400,-19147
19693,176,-2276,-19120
19715,132,-2304,-19059
19736,-16,-2392,-19027
19758,-40,-2368,-18960
19778,24,-2392,-18912
19800,48,-2208,-18872
19821,128,-2416,-18837
19843,44,-2312,-18794
19863,128,-2180,-18776
19885,64,-2332,-18708
19906,64,-2236,-18668
19928,72,-2200,-18634
19949,244,-2284,-18567
19973,-52,-2212,-18498
20031,256,-2272,-18399
20052,148,-2248,-18384
20073,40,-2364,-18312
20094,48,-2212,-18265
20124,196,-2168,-18195
20146,72,-2092,-18143
20166,76,-2048,-18101
20188,-28,-2124,-18034
20209,132,-2192,-18001
20231,84,-2060,-17941
20251,144,-2056,-17883
20273,132,-2028,-17841
20294,156,-2016,-17766
20316,40,-2124,-17699
20337,64,-2036,-17671
20359,164,-1952,-17619
20379,-16,-2048,-17572
20401,172,-2084,-17499
20422,80,-2048,-17460
20444,76,-1932,-17387
20468,124,-1992,-17333
20526,-4,-1980,-17200
20547,104,-1952,-17158
20569,136,-1968,-17116
20590,88,-1924,-17060
20611,200,-1904,-17001
20632,176,-1808,-16974
20654,148,-1784,-16942
20675,116,-1844,-16907
20697,144,-1888,-16868
20717,28,-1856,-16814
20739,-28,-1908,-16767
20760,16,-1796,-16720
20782,100,-1732,-16661
20802,148,-1756,-16601
20824,16,-1788,-16574
20845,92,-1700,-16513
20867,-40,-1808,-16483
20888,-36,-1772,-16451
20909,32,-1768,-16405
20930,136,-1904,-16372
20952,92,-1788,-16358
21012,80,-1756,-16272
21033,16,-1780,-16220
21055,48,-1760,-16203
21076,32,-1812,-16157
21097,120,-1868,-16124
21118,72,-1656,-16093
21140,-68,-1792,-16066
21161,52,-1856,-16030
21182,24,-1772,-15996
21203,192,-1548,-15957
21225,-24,-1732,-15947
21246,-4,-1732,-15891
21268,-48,-1868,-15843
21289,-20,-1864,-15820
21310,36,-1684,-15780
21344,-24,-1732,-15700
21364,-120,-1776,-15658
,24,-1732,-15631
21410,-56,-1736,-15555
21432,-64,-1696,-15521
21453,-16,-1572,-15489
21511,-88,-1592,-15333
21535,-32,-1716,-15265
21556,-16,-1672,-15202
21577,-16,-1628,-15168
21599,20,-1624,-15108
21620,-76,-1656,-15049
21642,-92,-1604,-14991
21662,-16,-1656,-14956
21684,84,-1632,-14902
21705,-8,-1596,-14863
21727,-100,-1572,-14808
21748,-60,-1756,-14743
21769,-28,-1604,-14707
21790,-164,-1580,-14665
21812,-204,-1620,-14602
21833,12,-1644,-14518
21855,4,-1668,-14500
21875,-64,-1644,-14456
21897,88,-1712,-14389
21918,-20,-1548,-14349
21940,24,-1688,-14306
21997,-136,-1500,-14184
22019,-152,-1592,-14128
22037,0,-1496,-14083
22059,-32,-1572,-14043
22080,92,-1540,-13995
22102,-140,-1584,-13951
22123,-180,-1492,-13890
22145,-152,-1568,-13840
22165,8,-1556,-13743
22187,104,-1456,-13713
22208,-112,-1588,-13650
22230,68,-1508,-13639
22251,-20,-1428,-13581
22273,48,-1580,-13560
22293,-36,-1504,-13486
22315,32,-1420,-13472
22336,-64,-1524,-13424
22358,56,-1512,-13417
22379,96,-1412,-13369
22400,96,-1480,-13337
22421,76,-1436,-13300
22478,32,-1380,-13225
22500,96,-1376,-13181
22550,-68,-1512,-13101
22595,104,-1512,-13018
22639,128,-1392,-12982
22691,48,-1324,-12885
22735,60,-1452,-12826
22780,36,-1364,-12758
22823,160,-1364,-12742
22859,12,-1348,-12682
22881,76,-1308,-12669
22902,64,-1420,-12628
22924,192,-1444,-12622
22944,120,-1376,-12597
22966,192,-1228,-12552
22987,100,-1312,-12553
23009,184,-1388,-12536
23030,132,-1328,-12497
23051,124,-1336,-12483
23072,72,-1364,-12464
23094,84,-1388,-12441
23151,164,-1324,-12348
23173,192,-1316,-12349
23194,140,-1288,-12311
23219,120,-1220,-12312
23240,44,-1236,-12292
23261,248,-1244,-12258
23282,192,-1280,-12244
23304,84,-1312,-12226
,172,-1268,-12221
23349,68,-1160,-12189
23370,184,-1216,-12160
23392,132,-1168,-12152
23413,200,-1260,-12155
23434,104,-1344,-12128
23455,104,-1244,-12107
23477,200,-1128,-12089
23498,128,-1288,-12061
23520,192,-1132,-12068
23540,84,-1232,-12075
23562,76,-1164,-12043
23583,108,-1228,-12030
23641,76,-1116,-11995
23683,52,-1116,-11963
23704,240,-1156,-11940
,172,-1208,-11925
23752,120,-1184,-11925
23774,184,-1304,-11861
23795,108,-1252,-11883
23816,128,-1112,-11863
23837,40,-1084,-11833
23859,132,-1204,-11821
23880,192,-1272,-11809
23902,104,-1156,-11784
23922,96,-1120,-11762
23944,144,-1048,-11740
23965,44,-1156,-11716
23987,116,-1184,-11715
24023,96,-1188,-11677
24044,12,-1132,-11671
24066,92,-1200,-11674
24086,88,-1136,-11643
24108,-40,-1108,-11650
24166,140,-1268,-11580
24187,156,-1168,-11595
24209,100,-1120,-11557
24230,-56,-1128,-11548
24251,-32,-1084,-11523
24275,-8,-1240,-11503
24297,64,-1108,-11470
24318,100,-1148,-11456
24340,108,-1104,-11428
24360,128,-1116,-11431
24382,148,-1024,-11409
24403,64,-1124,-11389
24425,96,-1028,-11374
24445,12,-1096,-11356
24467,56,-1148,-11335
24488,108,-1072,-11301
24510,120,-1060,-11296
24530,36,-1044,-11252
24552,64,-1048,-11256
24573,-84,-1180,-11217
24595,-52,-1068,-11215
24652,40,-1068,-11138
24673,20,-1076,-11146
24694,24,-1012,-11114
24716,32,-1140,-11077
24737,-20,-1200,-11078
24761,72,-1112,-11035
24782,44,-1048,-11013
24804,-104,-1148,-10977
24825,12,-1028,-10960
24847,-4,-1032,-10893
24867,-52,-1004,-10902
24889,56,-1088,-10858
24910,-64,-1072,-10815
24932,4,-1088,-10804
24952,-84,-960,-10746
24974,64,-1028,-10705
24995,16,-1036,-10693
25017,-32,-1044,-10609
25037,68,-1100,-10607
25059,-32,-1068,-10540
25080,-52,-1032,-10505
25138,-116,-976,-10411
25159,-136,-1068,-10359
25181,-12,-1076,-10334
25201,-40,-1008,-10266
25223,-36,-1056,-10214
25244,-76,-1064,-10194
25276,4,-992,-10080
25297,92,-1032,-10078
25319,-36,-1012,-10030
25340,0,-1064,-9980
25361,-164,-1104,-9937
25382,-16,-1076,-9902
25404,-40,-1036,-9854
25425,-72,-1008,-9793
25446,12,-1076,-9756
25467,36,-1004,-9688
25489,72,-1092,-9663
25510,-168,-956,-9588
25531,-64,-1072,-9551
25552,32,-996,-9501
25574,-12,-1008,-9452
25631,-40,-1004,-9344
25653,-244,-1040,-9298
25674,-108,-916,-9250
25695,48,-792,-9195
25716,-40,-1068,-9152
25738,-88,-996,-9125
25758,-136,-860,-9038
25780,-8,-1028,-9028
25804,4,-892,-8965
25826,-48,-1036,-8923
25846,28,-932,-8871
25868,-24,-936,-8841
25889,-64,-888,-8816
25910,-36,-916,-8770
25931,-16,-948,-8758
25953,28,-928,-8713
25974,-116,-924,-8664
25995,-176,-932,-8599
26016,-164,-924,-8569
26038,-72,-1012,-8525
26059,-12,-960,-8483
26116,-16,-880,-8331
26137,-36,-952,-8312
26159,60,-976,-8242
26180,-44,-992,-8219
26201,80,-964,-8166
26222,88,-932,-8143
26243,-144,-768,-8080
26264,-40,-864,-8076
26286,12,-848,-8045
26307,-44,-956,-7990
26332,-28,-1032,-7976
26352,28,-908,-7921
26374,20,-828,-7884
26395,-4,-868,-7860
26416,-4,-864,-7834
26437,-20,-928,-7800
26467,-80,-808,-7731
26487,-48,-900,-7687
26509,56,-840,-7677
26530,24,-832,-7636
26551,56,-916,-7610
26609,44,-824,-7541
26630,-28,-904,-7506
26651,0,-848,-7516
26673,32,-912,-7454
26694,-124,-868,-7460
26715,16,-872,-7411
26736,104,-880,-7413
26758,116,-864,-7407
26778,28,-960,-7375
26800,92,-816,-7368
26821,84,-856,-7337
26843,32,-952,-7323
26863,-56,-872,-7284
26888,-160,-884,-7222
26909,-24,-876,-7210
26931,140,-888,-7175
26951,12,-788,-7151
26973,44,-856,-7129
26994,152,-860,-7111
27016,40,-888,-7077
27036,112,-900,-7073
27094,96,-756,-6991
27115,16,-768,-7005
27137,84,-780,-6970
27157,124,-860,-6935
27179,8,-916,-6913
27200,64,-896,-6896
27220,4,-868,-6871
27242,60,-836,-6842
27264,88,-828,-6837
27284,40,-828,-6808
27305,104,-852,-6812
27327,96,-796,-6767
27347,48,-872,-6745
27369,36,-892,-6713
27390,16,-740,-6691
27411,100,-824,-6680
27436,68,-820,-6658
27457,120,-868,-6610
27479,32,-784,-6618
27499,96,-868,-6597
27521,100,-808,-6559
27579,140,-840,-6516
27599,-32,-796,-6487
27621,108,-916,-6458
27642,56,-868,-6447
27663,28,-712,-6403
27684,152,-764,-6395
27714,212,-732,-6376
27735,100,-804,-6351
27756,108,-732,-6314
27778,-8,-804,-6325
27798,84,-764,-6299
27820,40,-804,-6279
27841,116,-732,-6249
27863,172,-784,-6226
27883,168,-812,-6216
27905,104,-816,-6179
27926,56,-764,-6176
27947,56,-732,-6149
27968,40,-728,-6134
27993,96,-808,-6140
28013,80,-744,-6115
28071,0,-716,-6049
28092,-20,-704,-6049
28113,144,-792,-6015
28135,112,-800,-6004
28155,120,-800,-6004
28177,244,-652,-5984
28198,68,-832,-5952
28219,44,-832,-5963
28240,196,-756,-5952
28262,204,-756,-5952
28282,164,-764,-5935
28304,48,-836,-5910
28325,28,-656,-5870
28347,4,-580,-5870
28367,100,-760,-5856
28389,100,-744,-5818
28410,120,-728,-5802
28431,88,-800,-5814
28452,144,-724,-5764
28474,24,-616,-5734
28494,116,-708,-5733
28553,64,-696,-5660
28576,100,-636,-5655
28598,104,-700,-5623
28619,132,-748,-5593
28641,88,-636,-5580
28661,156,-716,-5552
28683,76,-700,-5549
28704,100,-728,-5508
28725,140,-676,-5469
28746,120,-712,-5444
28768,4,-680,-5437
28788,56,-696,-5400
28810,108,-640,-5356
28831,116,-716,-5338
28853,144,-780,-5309
28873,64,-696,-5271
28895,124,-672,-5265
28924,220,-624,-5214
28945,64,-712,-5195
28966,56,-632,-5147
28988,52,-696,-5120
29045,140,-604,-5048
29066,156,-700,-5036
29087,8,-752,-4977
29112,124,-776,-4947
29133,124,-644,-4892
29154,136,-668,-4897
29175,152,-772,-4844
29197,72,-740,-4826
29217,0,-652,-4804
29239,32,-644,-4768
29260,64,-664,-4728
29281,36,-664,-4701
29302,44,-584,-4663
29324,132,-636,-4642
29345,-4,-636,-4599
29366,112,-588,-4559
29387,44,-632,-4522
29409,176,-636,-4497
29429,176,-560,-4484
29451,120,-544,-4454
29472,104,-492,-4446
29530,16,-616,-4343
29551,112,-640,-4306
29572,120,-572,-4287
29593,56,-608,-4286
29615,4,-536,-4219
29635,-16,-592,-4188
29660,120,-640,-4169
29681,108,-552,-4142
29703,156,-592,-4103
29723,132,-540,-4079
29745,116,-564,-4046
29766,-8,-548,-4006
29788,-20,-576,-3977
29808,172,-624,-3961
29830,108,-632,-3924
29851,64,-548,-3902
29872,12,-600,-3894
29893,88,-628,-3869
29915,28,-608,-3841
29935,52,-560,-3812
29957,60,-552,-3791
30014,164,-492,-3695
30035,88,-536,-3682
30056,120,-580,-3637
30077,92,-548,-3612
30099,116,-496,-3565
30120,24,-616,-3536
30141,76,-588,-3514
30171,184,-600,-3468
30191,36,-628,-3458
30216,72,-588,-3394
30237,12,-544,-3396
30259,156,-548,-3349
30279,-4,-600,-3323
30301,148,-544,-3302
30322,40,-592,-3257
30344,12,-532,-3248
30364,-64,-584,-3206
30386,12,-568,-3180
30407,60,-580,-3160
30428,68,-504,-3132
30449,80,-624,-3123
30507,96,-564,-3042
30528,12,-572,-3006
30548,160,-528,-2981
30570,4,-480,-2958
30592,88,-560,-2915
30612,84,-552,-2921
30633,88,-476,-2919
30655,48,-528,-2869
30675,144,-624,-2833
30697,0,-488,-2823
30718,4,-496,-2800
30739,84,-564,-2777
30764,88,-516,-2742
30785,-20,-488,-2729
30806,-68,-628,-2683
30827,80,-484,-2658
30849,104,-552,-2646
30870,132,-484,-2631
30891,40,-524,-2560
30912,12,-532,-2560
30934,52,-584,-2501
30991,76,-556,-2428
31011,40,-524,-2431
31033,68,-492,-2405
31054,84,-564,-2375
31075,148,-572,-2324
31096,48,-536,-2326
31118,-12,-504,-2287
31138,100,-564,-2258
31160,44,-532,-2232
31181,40,-564,-2200
31202,108,-400,-2175
31223,44,-524,-2168
31245,-28,-452,-2103
31266,148,-520,-2087
31287,36,-496,-2069
31321,20,-464,-2020
31368,104,-508,-1968
31411,-32,-460,-1892
31468,-4,-560,-1847
31511,-60,-508,-1773
31556,84,-500,-1703
31637,-20,-456,-1652
31682,124,-520,-1593
31726,-4,-512,-1531
31757,-52,-512,-1496
31777,140,-500,-1480
31799,48,-504,-1455
31820,28,-568,-1410
31841,8,-488,-1407
31862,36,-484,-1381
31884,12,-512,-1361
31905,-44,-520,-1327
31926,48,-516,-1332
31947,28,-560,-1308
31969,-64,-500,-1280
31989,32,-460,-1250
32011,128,-492,-1240
32032,28,-508,-1214
32053,52,-384,-1204
32077,-16,-484,-1157
32099,48,-496,-1147
32119,-68,-488,-1118
32178,100,-480,-1067
32198,88,-388,-1026
32220,-92,-456,-1006
32241,44,-464,-999
32262,68,-548,-971
32283,12,-376,-939
32305,40,-448,-939
32325,92,-380,-898
32347,20,-492,-869
32367,76,-440,-862
32389,20,-444,-843
32410,32,-360,-837
32431,96,-432,-804
32452,24,-408,-794
32473,-36,-544,-745
32494,92,-520,-732
32516,-32,-560,-724
32536,-52,-524,-703
32558,68,-532,-666
32578,40,-448,-654
32600,20,-416,-637
32658,92,-404,-578
32683,36,-364,-560
32703,92,-464,-558
32724,-40,-360,-513
32746,84,-500,-501
32766,152,-472,-483
32788,40,-388,-472
32808,132,-576,-467
32838,-4,-544,-450
32860,44,-492,-404
32881,76,-524,-385
32902,64,-408,-362
32923,68,-496,-362
32945,108,-484,-350
32965,128,-536,-316
32987,-48,-576,-306
33008,60,-492,-292
33029,116,-488,-268
33050,132,-512,-273
33072,72,-460,-237
33092,-4,-432,-242
33150,12,-500,-203
33171,112,-560,-173
33192,-16,-480,-147
33214,72,-356,-158
33234,64,-504,-110
33259,96,-584,-95
33280,24,-468,-80
33301,32,-448,-97
33323,44,-436,-86
33343,96,-460,-28
33364,0,-492,-36
33385,48,-544,-24
33406,36,-452,-7
33427,-16,-500,-14
33448,104,-528,21
33469,12,-512,27
33490,-16,-492,46
33512,-20,-532,38
33532,48,-468,52
33554,72,-500,79
33574,92,-456,80
33633,20,-492,73
33653,144,-424,66
33675,48,-420,56
33696,-4,-456,66
33717,-4,-448,65
33738,188,-444,67
33759,48,-472,53
33780,-40,-428,91
33801,104,-520,60
33822,20,-452,90
33843,56,-404,52
33864,88,-508,63
33889,32,-476,41
33909,68,-436,41
33931,104,-464,72
33951,96,-536,67
33973,16,-464,75
33994,72,-420,79
34015,0,-480,53
34044,104,-464,56
34066,48,-504,75
34123,128,-428,64
34145,108,-472,68
34165,120,-460,74
34187,92,-392,67
34207,40,-460,54
34229,84,-448,67
34250,56,-400,66
34271,64,-544,70
34292,36,-504,79
34313,92,-472,44
34334,80,-432,70
34355,36,-480,71
34376,156,-512,62
34398,84,-544,77
34418,76,-472,67
34440,192,-428,54
34460,100,-432,63
34482,-28,-496,67
34502,36,-460,61
34527,80,-444,72
34548,188,-456,60
34606,60,-524,69
34627,88,-436,54
34648,24,-444,81
34669,-20,-456,72
34690,8,-512,60
34711,52,-492,78
34733,108,-540,41
34753,96,-456,61
34775,100,-444,79
34795,24,-472,49
34817,44,-496,81
34837,-24,-392,50
34859,36,-504,70
34879,-20,-512,71
34900,8,-392,59
34922,28,-524,53
34942,36,-520,55
34964,64,-472,56
34984,60,-508,72
35006,4,-496,82
35026,28,-404,72
35085,80,-536,77
35105,168,-488,57
35127,56,-432,81
35148,92,-572,71
35169,56,-392,57
35193,-44,-408,77
35214,44,-428,49
35235,144,-552,65
35257,140,-588,69
35287,-20,-588,54
35308,20,-368,73
35329,112,-440,73
35350,240,-440,40
35372,-12,-488,68
35392,-16,-380,67
35414,80,-488,66
35435,52,-412,52
35456,80,-408,81
35477,48,-448,73
35497,44,-408,56
35519,164,-404,48
35576,24,-388,69
35598,28,-544,63
35619,108,-544,71
35640,-12,-584,49
35661,72,-508,62
35682,40,-460,73
35703,92,-524,54
35725,-40,-440,88
35745,152,-496,52
35767,64,-500,61
35787,12,-516,63
35809,160,-504,60
35833,96,-400,59
35854,88,-504,65
35875,28,-492,66
35896,16,-428,84
35917,40,-436,50
35939,100,-536,49
35959,24,-440,58
35981,36,-436,42
36001,72,-444,74
36060,72,-480,42
36080,96,-464,65
36102,120,-456,77
36123,20,-508,63
36144,64,-484,74
36165,24,-544,67
36186,-44,-536,68
36207,-108,-484,72
36229,104,-468,58
36249,148,-508,67
36271,84,-408,65
36291,4,-520,60
36313,84,-484,69
36334,144,-492,70
36355,104,-536,66
36376,116,-516,63
36398,172,-472,57
36418,132,-512,48
36440,60,-436,85
36464,124,-480,51
36493,76,-376,48
36551,52,-448,64
36572,64,-428,65
36593,24,-480,65
36614,20,-472,68
36635,68,-576,74
36656,40,-408,62
36677,104,-484,49
36698,68,-404,70
36719,80,-392,46
36741,120,-488,76
36761,44,-452,69
36783,112,-516,59
36803,12,-396,66
36825,152,-460,60
36845,76,-512,52
36867,84,-412,53
36888,112,-440,72
36909,72,-544,63
36930,64,-428,69
36951,72,-440,71
36972,80,-472,61
37029,0,-592,48
37051,96,-512,53
37071,72,-512,58
37093,40,-496,69
37114,40,-496,70
37138,136,-524,45
37159,136,-468,65
37180,60,-408,66
37201,96,-488,75
37222,40,-456,80
37243,40,-464,76
37265,100,-464,74
37285,-48,-432,55
37307,80,-476,64
37327,132,-436,64
37349,-84,-372,68
37370,40,-360,69
37391,120,-484,55
37412,72,-524,82
37433,144,-484,59
37454,156,-452,53
37512,-40,-404,59
37533,56,-556,84
37554,72,-496,58
37575,48,-408,91
37597,-40,-392,51
37617,36,-464,76
37639,36,-436,84
37659,60,-460,60
37681,156,-384,61
37701,64,-448,67
37723,140,-468,86
37752,100,-540,61
37771,104,-484,58
37792,176,-448,64
37813,80,-476,71
37834,112,-504,53
37856,192,-512,60
37876,20,-464,65
37898,-8,-464,76
37918,0,-488,70
37940,44,-512,52
37997,-64,-428,81
38019,96,-544,66
38040,68,-528,58
38061,80,-456,52
38082,44,-488,75
38103,52,-472,39
38124,84,-520,74
38146,108,-496,73
38166,68,-420,69
38188,-8,-484,72
38208,56,-532,47
38230,60,-420,63
38250,96,-496,68
38272,96,-424,81
38293,68,-468,55
38313,108,-524,74
38335,76,-448,62
38355,192,-440,46
38377,32,-436,51
38395,176,-452,78
38417,132,-504,78
38474,52,-444,49
38496,64,-516,102
38516,24,-444,71
38538,32,-552,79
38558,84,-476,67
38580,68,-440,51
38600,172,-416,55
38622,32,-528,54
38643,120,-480,79
38664,36,-468,70
38685,84,-448,47
38706,136,-416,79
38727,16,-404,78
38748,100,-488,62
38769,68,-496,73
38791,48,-444,64
38811,-20,-460,68
38833,92,-420,46
38853,-8,-348,68
38875,96,-476,63
38895,116,-428,76
38953,100,-544,73
38975,-4,-496,76
38995,-68,-464,46
39025,92,-508,65
39050,20,-452,46
39071,48,-460,62
39092,56,-380,66
39113,48,-488,65
39134,56,-512,73
39155,100,-472,69
39176,64,-524,63
39197,32,-396,65
39219,52,-428,73
39239,64,-572,59
39261,124,-432,48
39281,88,-416,69
39303,196,-512,65
39323,0,-560,62
39345,12,-524,66
39366,36,-512,76
39387,64,-424,57
39444,40,-488,58
39465,92,-448,56
39486,128,-460,59
39507,-20,-436,44
39529,76,-496,50
39549,64,-504,66
39571,96,-460,77
39591,60,-488,68
39613,132,-464,49
39633,20,-524,46
39655,36,-516,76
39675,48,-444,67
39695,60,-440,42
39715,120,-516,67
39737,32,-504,74
39757,72,-504,83
39779,76,-484,80
39799,208,-476,59
39821,4,-544,72
39841,28,-496,69
39863,16,-460,52
39921,84,-400,51
39942,84,-408,67
39963,108,-488,75
39984,80,-420,28
40005,-16,-452,57
40026,-32,-512,82
40047,108,-472,53
40069,76,-420,45
40089,136,-444,66
40111,128,-356,65
40131,8,-508,54
40153,36,-448,71
40174,-40,-516,73
40195,60,-340,76
40216,60,-632,79
40246,-32,-200,54
40266,200,-296,25
40288,56,-668,82
40311,52,-420,90
40333,144,-468,96
40354,224,-260,85
40412,-16,-416,151
40433,72,-520,137
40454,60,-640,126
40475,144,-208,94
40497,168,-916,103
40517,156,-1128,241
40539,-68,-92,250
40560,140,-80,179
40581,184,-624,218
40602,224,-332,208
40623,0,-264,173
40644,-112,-468,163
40666,124,-460,187
40686,40,-344,152
40708,-284,-668,155
40728,116,-664,203
40750,292,-460,235
40771,88,-196,201
40792,120,-408,204
40813,0,-416,176
40834,276,-1228,175
40892,80,-456,153
40932,96,-192,161
40953,48,-376,124
40977,60,-396,123
40998,44,-272,123
41020,4,-300,70
41040,104,-376,43
41062,-100,-532,62
41082,72,-512,63
41104,136,-428,65
41125,-76,-404,82
41146,116,-312,58
41167,0,-424,59
41188,80,-292,75
41209,-48,-376,44
41231,116,-636,39
41251,-12,-424,69
41273,56,-160,77
41293,-16,-496,52
41315,12,-328,39
41336,148,-448,89
41399,16,-332,48
41420,132,-292,54
41441,24,-436,17
41462,56,-488,67
41483,40,-12,21
41517,76,-540,49
41537,76,-328,78
41559,24,-508,32
41580,-4,-452,47
41601,132,-416,60
41629,32,-428,73
41673,-24,-480,75
41717,-72,-440,85
41761,60,-252,77
41805,-52,-428,28
41849,136,-220,38
41893,84,-680,56
41937,-48,-332,63
41981,128,-312,56
42016,60,-340,38
42038,4,-476,31
42096,24,-440,25
42118,-28,-572,45
42138,-44,-436,58
42160,120,-324,72
42180,48,-484,36
time,AcX,AcY,GyZ
2110,-100,-268,88
2154,-24,-192,125
2199,-88,-360,126
2242,244,-368,108
2287,-100,-192,141
2331,-136,-412,90
2375,68,-512,91
2433,84,-428,84
2464,-16,-248,66
2486,32,-348,54
2509,24,-384,57
2531,40,-404,61
2552,60,-280,50
2573,12,-256,49
2631,-4,-368,39
2653,44,-316,47
2674,148,-272,50
2695,4,-224,34
2716,132,-448,46
2803,84,-296,21
2825,52,-396,17
2845,-104,24,18
2867,128,-384,-11
3135,44,-472,111
3155,-44,-412,114
3177,-112,-600,130
3198,-84,-352,202
3219,-108,-380,248
3240,96,-512,291
3261,348,-580,391
3282,-192,-244,410
3304,384,-484,451
3324,132,-420,489
3346,136,-400,520
3366,-268,-476,552
3431,360,-632,767
3452,-232,-276,828
3473,-276,-324,865
3578,-148,-16,961
3599,-16,-1360,929
3620,360,-812,989
8562,168,2524,-244
8584,328,-676,-336
8604,268,-716,-403
8626,192,-472,-372
8647,72,-708,-350
8668,68,-752,-309
8689,208,-836,-330
8710,164,-500,-335
8731,92,-628,-361
8753,28,-732,-357
8773,52,-800,-385
8795,32,-732,-361
8816,192,-796,-354
8837,-16,-720,-327
8895,-212,-276,-358
8916,188,-668,-330
8937,-136,-264,-319
8958,-40,-392,-313
8979,124,-504,-291
9009,120,-460,-291
9029,132,-448,-305
9051,116,-468,-275
9072,-24,-388,-256
9096,80,-480,-242
9117,-16,-348,-244
9139,-32,-448,-270
9159,124,-504,-234
9181,-16,-408,-235
9201,-16,-400,-217
9223,164,-500,-224
9244,60,-448,-199
9265,168,-404,-182
9286,48,-336,-180
9308,128,-412,-197
9365,72,-372,-166
9385,72,-432,-171
9407,36,-452,-170
9428,204,-328,-152
9449,12,-460,-123
9470,-40,-444,-144
9492,60,-428,-121
9512,40,-696,-143
9534,-40,-428,-126
9554,120,-408,-110
9576,-28,-460,-115
9597,-16,-348,-99
9618,4,-488,-105
9639,-264,-512,-41
9660,-56,-372,73
9684,220,-356,106
9706,60,-408,95
9726,56,-292,92
9748,44,-320,65
9768,224,-568,99
9827,-56,-412,28
9847,88,-508,4
9869,96,-464,10
9889,64,-284,-16
9911,412,-432,-91
9931,368,-448,-236
9953,400,-404,-465
9973,484,-388,-714
9995,628,-288,-1030
10016,904,-460,-1433
10037,1180,-568,-1968
10058,1340,-652,-2653
10080,1268,-544,-3364
10101,1136,-236,-4111
10122,1432,-472,-4949
10143,1660,-764,-5869
10165,1956,-692,-6932
10186,2028,-624,-8086
10216,2036,-676,-9769
10237,1788,-1044,-10923
10299,1800,-1216,-14140
10320,1848,-1432,-15189
10342,1776,-1596,-16248
10362,1772,-1776,-17274
10384,1380,-2044,-18143
10405,1208,-2040,-18966
10427,1308,-2028,-19760
10448,1352,-2356,-20525
10470,1784,-2696,-21390
10491,1896,-2840,-22257
10512,1684,-2788,-23119
10533,1808,-2808,-24068
10555,1876,-3156,-24986
10576,1768,-3472,-25910
10598,1888,-3948,-27027
10619,2272,-4332,-28329
10640,1696,-4560,-29532
10661,1208,-5112,-30470
10683,472,-5620,-30996
10704,104,-5840,-31103
10763,-436,-3676,-30726
10787,-360,-5444,-30580
10808,504,-5484,-30448
10829,-236,-4816,-30345
10851,-216,-4540,-30261
10872,-228,-4864,-30113
10894,4,-4816,-29981
10914,-136,-4412,-29878
10936,-296,-4748,-29754
10957,-208,-4736,-29637
10979,-144,-4500,-29540
11000,-100,-4580,-29413
11021,-204,-4540,-29288
11042,-208,-4588,-29195
11064,-204,-4720,-29062
11085,-40,-4428,-28948
11107,-112,-4456,-28866
11127,-120,-4476,-28750
11149,-120,-4484,-28648
11170,-44,-4464,-28554
11229,16,-4504,-28320
11250,72,-4476,-28250
11275,48,-4272,-28159
11296,4,-4188,-28077
11317,156,-4232,-27995
11338,232,-4176,-27928
11360,72,-4292,-27871
11381,-16,-4164,-27796
11403,-64,-4268,-27714
11424,192,-4088,-27645
11453,28,-4040,-27554
11474,96,-4160,-27499
11496,112,-4068,-27442
11516,220,-4124,-27372
11538,188,-4052,-27291
11559,132,-3972,-27261
11581,-32,-3932,-27211
11602,44,-3948,-27109
11623,140,-3972,-27072
11644,136,-3928,-26991
11703,68,-3716,-26804
11724,148,-3756,-26725
11746,144,-3912,-26670
11767,184,-3876,-26617
11801,156,-3656,-26513
11825,8,-3740,-26445
11848,96,-3672,-26360
11872,176,-3748,-26339
11895,64,-3748,-26261
11919,88,-3620,-26228
11942,176,-3568,-26214
11966,216,-3576,-26167
11991,260,-3624,-26142
12014,172,-3656,-26121
12038,212,-3700,-26069
12061,-52,-3628,-26008
12085,12,-3620,-26023
12108,-120,-3564,-25994
12174,144,-3512,-25922
12197,100,-3548,-25903
12222,88,-3564,-25857
12246,108,-3740,-25811
12269,16,-3532,-25809
12293,172,-3484,-25759
12316,156,-3500,-25720
12343,-32,-3640,-25667
12366,-116,-3636,-25621
12390,12,-3564,-25581
12413,-64,-3500,-25535
12438,-100,-3328,-25476
12462,-64,-3532,-25380
12485,-100,-3568,-25321
12509,-124,-3440,-25234
12532,-72,-3380,-25113
12556,12,-3444,-25019
12579,-88,-3384,-24952
12603,-84,-3516,-24845
12627,-72,-3464,-24769
12688,-192,-3412,-24493
12711,-44,-3368,-24378
12735,-128,-3328,-24306
12760,-188,-3324,-24170
12783,-28,-3288,-24055
12815,-28,-3328,-23921
12838,-64,-3172,-23821
12862,-204,-3208,-23763
12889,-20,-3276,-23604
12912,-80,-3228,-23522
12936,60,-3136,-23444
12960,12,-3144,-23347
12984,-4,-3076,-23268
13007,-48,-3136,-23187
13031,12,-3136,-23091
13054,52,-3100,-23026
13078,160,-3080,-22932
13102,32,-3032,-22859
13125,-36,-3068,-22799
13149,64,-3056,-22750
13210,-28,-3024,-22570
13234,156,-2940,-22531
13257,68,-2940,-22480
13281,36,-2860,-22456
13304,88,-2900,-22379
13328,36,-2992,-22319
13351,24,-2844,-22276
13376,12,-2844,-22220
13400,40,-2876,-22153
13423,100,-2760,-22115
13450,160,-2868,-22056
13473,64,-2716,-22012
13497,108,-2692,-21957
13520,172,-2692,-21891
13544,128,-2804,-21840
13569,108,-2708,-21779
13592,160,-2696,-21707
13616,88,-2704,-21648
13639,-80,-2716,-21607
13663,-8,-2728,-21523
13723,128,-2608,-21374
13748,60,-2716,-21334
13771,36,-2496,-21248
13795,72,-2552,-21197
13818,52,-2492,-21152
13842,108,-2632,-21107
13865,16,-2572,-21057
13889,88,-2660,-21003
13913,160,-2424,-20943
13936,204,-2496,-20921
13960,92,-2548,-20892
13983,76,-2468,-20828
14011,28,-2448,-20787
14034,148,-2392,-20735
14058,72,-2436,-20718
14082,28,-2504,-20676
14105,84,-2404,-20653
14137,40,-2380,-20603
14160,64,-2360,-20541
14184,156,-2396,-20540
14244,60,-2436,-20449
14268,132,-2396,-20397
14291,16,-2312,-20351
14315,20,-2356,-20322
14339,60,-2344,-20241
14362,148,-2396,-20208
14386,-40,-2396,-20152
14409,-152,-2364,-20109
14434,-48,-2356,-20028
14457,-88,-2336,-19960
14481,-108,-2376,-19881
14504,-148,-2348,-19808
14528,-140,-2192,-19736
14552,-76,-2356,-19647
14579,-192,-2280,-19548
14603,-48,-2200,-19477
14626,12,-2144,-19391
14650,-164,-2292,-19312
14673,-88,-2268,-19236
14697,-96,-2156,-19135
14758,-104,-2252,-18968
14782,-140,-2172,-18879
14806,16,-2140,-18787
14829,-48,-2068,-18707
14853,-32,-2340,-18642
14876,36,-2200,-18546
14900,8,-2092,-18479
14923,-100,-2120,-18418
14948,-108,-2144,-18342
14971,-172,-2064,-18247
14995,-44,-2032,-18186
15019,-104,-2080,-18083
15042,-80,-2120,-17995
15066,-76,-2140,-17912
15090,-32,-1988,-17824
15117,-84,-1972,-17734
15140,-164,-2036,-17645
15164,-60,-2040,-17550
15187,-104,-1956,-17460
15211,-84,-1920,-17396
15272,64,-1960,-17213
15296,-140,-1856,-17147
15320,60,-2048,-17073
15343,-76,-2036,-17011
15367,12,-1948,-16954
15390,4,-1844,-16885
15414,76,-1924,-16805
15437,4,-1860,-16738
15461,140,-1928,-16713
15484,112,-1852,-16681
15516,68,-1888,-16598
15540,4,-1884,-16546
15563,12,-1832,-16486
15587,96,-1896,-16445
15610,124,-1828,-16432
15635,92,-1784,-16391
15659,192,-1708,-16364
15685,128,-1616,-16311
15709,76,-1780,-16249
15732,184,-1848,-16253
15793,120,-1744,-16163
15816,120,-1668,-16148
15840,220,-1748,-16116
15863,148,-1748,-16115
15887,84,-1696,-16106
15911,68,-1724,-16073
15935,36,-1676,-16024
15959,52,-1700,-15994
15982,44,-1712,-16002
16006,48,-1716,-15952
16029,24,-1652,-15917
16053,140,-1656,-15883
16076,84,-1688,-15861
16100,16,-1584,-15833
16123,28,-1812,-15781
16147,152,-1668,-15769
16172,92,-1664,-15737
16195,96,-1652,-15722
16222,48,-1656,-15693
16245,136,-1512,-15645
16306,120,-1544,-15576
16329,60,-1600,-15540
16353,48,-1536,-15506
16376,128,-1564,-15495
16400,108,-1576,-15444
16423,0,-1536,-15431
16448,96,-1560,-15407
16472,120,-1472,-15388
16495,180,-1592,-15361
16519,36,-1556,-15311
16542,100,-1584,-15306
16566,116,-1572,-15284
16589,-44,-1584,-15279
16613,-80,-1432,-15230
16636,108,-1448,-15227
16661,120,-1608,-15205
16685,-40,-1592,-15179
16708,72,-1520,-15162
16732,16,-1520,-15125
16755,48,-1520,-15115
16819,40,-1460,-15061
16842,8,-1512,-15022
16874,16,-1544,-15002
16898,-120,-1432,-15004
16921,44,-1504,-14962
16945,68,-1500,-14948
16968,120,-1600,-14938
16992,-12,-1436,-14900
17016,-60,-1412,-14855
17040,-12,-1560,-14838
17063,-12,-1456,-14798
17087,136,-1408,-14755
17111,60,-1480,-14745
17134,36,-1504,-14723
17158,-20,-1444,-14701
17181,-56,-1464,-14649
17205,0,-1448,-14632
17228,0,-1484,-14598
17252,16,-1400,-14564
17275,-20,-1528,-14524
17337,32,-1380,-14427
17360,-184,-1412,-14390
17388,-136,-1416,-14341
17412,-44,-1380,-14271
17435,56,-1444,-14239
17459,-212,-1556,-14162
17482,-148,-1432,-14091
17506,-28,-1376,-14010
17529,-44,-1340,-13964
17554,-20,-1428,-13900
17577,-112,-1456,-13810
17601,-36,-1308,-13771
17625,-44,-1240,-13694
17648,-208,-1340,-13593
17672,-148,-1368,-13557
17695,-60,-1356,-13482
17720,-72,-1372,-13430
17743,-288,-1368,-13358
17767,-140,-1360,-13266
17790,-224,-1376,-13233
17851,-172,-1400,-13054
17874,-88,-1468,-12999
17898,-120,-1264,-12924
17926,-288,-1264,-12838
17949,-100,-1284,-12768
17973,-132,-1312,-12704
17996,-152,-1160,-12626
18020,-128,-1164,-12518
18043,-136,-1372,-12446
18068,-120,-1452,-12396
18092,16,-1376,-12327
18115,-116,-1256,-12273
18139,-144,-1240,-12183
18162,-44,-1280,-12123
18186,-112,-1204,-12057
18222,-40,-1164,-11992
18245,-120,-1252,-11911
18269,-32,-1176,-11880
18292,0,-1176,-11794
18316,24,-1116,-11723
18377,-80,-1184,-11602
18401,-32,-1176,-11554
18424,16,-1296,-11490
18448,-40,-1208,-11464
18475,-56,-1200,-11394
18499,-100,-1220,-11343
18523,-28,-1176,-11317
18546,120,-1172,-11261
18570,20,-1136,-11219
18593,-4,-1172,-11174
18617,20,-1216,-11155
18640,52,-1088,-11105
18665,-48,-1140,-11050
18689,104,-1132,-11014
18712,68,-1232,-10942
18736,-4,-1136,-10915
18759,88,-1072,-10859
18783,32,-1064,-10792
18806,76,-1148,-10796
18830,44,-1160,-10745
18890,32,-1004,-10657
18914,104,-1076,-10612
18938,104,-1144,-10603
,92,-936,-10555
18989,16,-1060,-10523
19012,104,-1072,-10489
19039,12,-1200,-10446
19062,68,-1104,-10402
19086,104,-1048,-10370
19109,64,-912,-10333
19133,264,-952,-10323
19156,96,-1140,-10272
19180,12,-1032,-10219
19204,188,-1128,-10193
19228,220,-1080,-10154
19252,112,-1088,-10130
19275,96,-1100,-10075
19299,-12,-1016,-10049
19322,172,-908,-10016
19346,108,-1024,-9984
19407,136,-1064,-9863
19450,184,-964,-9821
19474,4,-1064,-9785
19497,92,-980,-9744
19521,284,-1172,-9742
19545,92,-944,-9668
19568,-92,-984,-9624
19612,136,-972,-9566
19636,48,-904,-9523
19662,-72,-876,-9482
19686,16,-936,-9457
19709,160,-904,-9407
19733,40,-848,-9382
19757,16,-928,-9346
19780,84,-892,-9299
19804,-36,-980,-9276
19827,92,-776,-9255
19851,52,-944,-9202
19874,96,-812,-9173
19899,104,-840,-9147
19960,160,-892,-9044
19984,124,-812,-9001
20007,-16,-832,-8971
20031,-48,-812,-8935
20055,92,-772,-8892
20078,84,-948,-8848
20102,112,-924,-8804
20125,172,-824,-8754
20149,92,-828,-8736
20172,84,-836,-8678
20196,-16,-844,-8650
20219,132,-768,-8594
20246,84,-828,-8564
20270,64,-836,-8537
20293,-68,-816,-8460
20317,112,-740,-8406
20340,28,-816,-8385
20364,32,-776,-8316
20387,132,-748,-8284
20411,76,-768,-8242
20471,-8,-736,-8121
20495,36,-852,-8075
20518,68,-704,-8022
20542,-44,-792,-7981
20566,116,-648,-7939
20589,60,-732,-7903
20613,60,-776,-7867
20636,4,-636,-7823
20660,32,-708,-7790
20683,20,-732,-7791
20707,116,-716,-7727
20730,36,-688,-7693
20754,44,-724,-7693
20779,36,-796,-7629
20802,76,-752,-7603
20826,-28,-732,-7567
20852,32,-708,-7517
20876,108,-732,-7474
20911,-52,-624,-7433
20934,108,-528,-7364
20996,80,-636,-7290
21019,60,-636,-7254
21043,36,-680,-7211
21066,48,-760,-7172
21090,0,-616,-7139
21113,-4,-708,-7106
21137,-4,-624,-7072
21160,64,-720,-7068
21184,112,-536,-7039
21208,60,-684,-7011
21231,-12,-648,-6973
21255,-52,-700,-6952
21278,-8,-668,-6904
21302,0,-712,-6890
21325,16,-672,-6854
21349,140,-572,-6804
21372,-32,-716,-6767
21396,20,-660,-6770
21420,-16,-664,-6701
21443,-108,-636,-6676
21508,-20,-640,-6581
21531,4,-660,-6531
21555,4,-700,-6499
21578,-8,-620,-6438
21602,-48,-596,-6393
21625,-136,-584,-6344
21649,-28,-616,-6346
21672,-28,-592,-6282
21696,-40,-548,-6242
21720,-52,-584,-6192
21743,28,-636,-6135
21767,-64,-632,-6125
21790,-56,-524,-6078
21814,-68,-556,-6021
21837,-152,-612,-5990
21861,-84,-724,-5956
188,-600,-5893
21923,-20,-628,-5845
21947,-96,-616,-5809
21970,-52,-584,-5765
22031,-60,-604,-5653
22054,92,-656,-5623
22078,-32,-524,-5574
22103,-32,-536,-5536
22129,-84,-624,-5461
22153,-104,-720,-5448
22176,-44,-572,-5399
22200,-52,-624,-5347
22223,-4,-636,-5317
22247,16,-680,-5247
22282,-164,-596,-5179
22305,-48,-492,-5156
22329,-88,-496,-5099
22352,-72,-484,-5035
22377,0,-528,-5008
22401,-32,-612,-4956
22424,-128,-596,-4910
22448,32,-676,-4851
22471,-60,-592,-4813
22495,-188,-564,-4762
22555,-32,-604,-4628
22580,-56,-540,-4584
22603,-8,-584,-4560
22627,-120,-488,-4466
22650,-80,-528,-4449
22674,-32,-584,-4419
22697,-124,-564,-4381
22724,-172,-500,-4343
22748,-152,-508,-4302
22771,-48,-608,-4249
22796,-92,-624,-4191
22819,-176,-540,-4154
22843,-160,-560,-4117
22866,-124,-520,-4069
22890,-64,-544,-4018
22914,-40,-520,-3983
22937,-100,-560,-3949
22961,-44,-480,-3911
22984,-32,-556,-3857
23008,-204,-548,-3826
23069,-88,-540,-3709
23093,-12,-628,-3689
23116,-108,-548,-3627
23140,-44,-516,-3592
23163,-16,-504,-3544
23187,-68,-496,-3514
23212,-136,-572,-3467
23235,-36,-524,-3419
23259,48,-476,-3392
23282,-108,-556,-3355
23309,-156,-540,-3272
23332,-48,-508,-3253
23356,-44,-572,-3176
23379,-44,-560,-3138
23403,-180,-604,-3108
23428,-128,-580,-3075
23451,-124,-424,-3045
23475,-32,-600,-3003
23498,-184,-488,-2963
23522,-84,-596,-2923
23583,-124,-576,-2828
23607,-152,-488,-2785
23642,-68,-516,-2749
23665,-112,-500,-2691
23689,-64,-512,-2655
23712,0,-580,-2626
23737,-32,-484,-2608
23760,-32,-468,-2574
23784,-12,-568,-2526
23808,-128,-560,-2498
23831,32,-572,-2444
23855,24,-600,-2432
23878,-176,-556,-2383
23905,-64,-584,-2326
23928,-24,-580,-2300
23952,-32,-580,-2268
23976,-44,-528,-2242
24000,-152,-540,-2205
24024,-20,-504,-2153
24047,44,-620,-2120
24108,-120,-516,-2036
24132,-24,-464,-1988
24156,-28,-480,-1960
24179,-68,-508,-1937
24203,44,-508,-1869
24226,-64,-632,-1851
24250,-144,-472,-1799
24273,-52,-460,-1776
24297,-128,-592,-1735
24321,-100,-496,-1694
24344,-100,-484,-1652
24369,-120,-580,-1617
24392,-148,-476,-1556
24416,12,-592,-1540
24439,-136,-624,-1498
24463,-52,-588,-1465
24489,-64,-496,-1420
24513,-84,-532,-1378
24537,-32,-588,-1334
24560,-76,-348,-1315
24622,84,-628,-1238
24645,-96,-592,-1199
24669,-104,-560,-1166
24692,-92,-396,-1132
24716,-84,-472,-1080
24739,40,-544,-1059
24763,-60,-516,-1013
24787,-132,-528,-992
24811,72,-572,-952
24835,0,-444,-924
24858,-152,-500,-881
24882,-12,-484,-845
24905,-88,-624,-781
24929,-64,-512,-780
24964,-88,-364,-736
24987,-84,-572,-687
25011,-116,-584,-681
25034,-20,-608,-641
25058,8,-500,-589
25081,-52,-572,-563
25146,-68,-368,-477
25169,-12,-464,-406
25193,-108,-552,-374
25217,-76,-540,-325
25240,-112,-568,-304
25264,-28,-372,-292
25287,-76,-548,-250
25311,-32,-536,-231
25334,-76,-508,-179
25358,-32,-528,-142
25381,32,-392,-97
25405,-80,-540,-53
25428,24,-508,-35
25452,-4,-524,-4
25476,-124,-492,15
25499,0,-484,41
25523,16,-504,67
25546,-88,-468,77
25570,24,-436,69
25593,8,-536,63
25654,-56,-484,61
25677,-44,-464,63
25701,52,-496,49
25724,-28,-532,73
25748,32,-356,47
25772,-80,-464,64
25809,48,-520,54
25858,-28,-504,58
25903,132,-468,54
25950,36,-556,84
25996,12,-468,70
26043,8,-524,56
26089,-64,-620,67
26136,36,-440,63
26178,-12,-620,103
26202,-140,-508,71
26225,24,-480,51
26249,116,-476,84
26272,-24,-512,72
26296,-20,-592,53
26356,-4,-520,71
26380,60,-520,51
26403,-28,-500,67
26427,-84,-516,65
26450,88,-532,70
26474,4,-456,83
26498,-16,-532,47
26528,-68,-404,54
26552,-12,-640,52
26575,12,-516,56
26599,16,-472,52
26622,-24,-536,80
26646,-48,-580,86
26670,-72,-500,51
26696,16,-464,63
26720,-76,-512,60
26743,16,-516,54
26767,-36,-512,46
26790,20,-496,80
26814,0,-448,66
26874,-56,-568,47
26898,-8,-512,71
26921,84,-528,79
26945,84,-472,39
26969,-8,-492,77
26991,-12,-464,54
27015,-36,-564,73
27038,-20,-444,72
27062,12,-600,72
27085,-16,-480,59
27109,28,-504,75
27132,32,-452,55
27156,40,-544,59
27180,-52,-592,79
27203,4,-616,40
27227,-64,-600,53
27250,-104,-516,60
27274,-8,-560,31
27296,-28,-564,60
27320,-112,-400,60
27381,68,-532,59
27405,-68,-532,64
27431,20,-504,54
27454,-44,-524,53
27478,44,-532,63
27501,-28,-460,59
27525,16,-524,52
27548,-40,-548,56
27572,-28,-476,56
27595,8,-508,54
27619,-4,-392,53
27642,0,-424,61
27666,52,-560,44
27689,100,-512,50
27713,-48,-480,61
27737,24,-552,68
27760,-8,-448,68
27784,-88,-504,56
27807,20,-616,56
27830,-40,-552,63
27891,24,-476,69
27922,100,-512,62
27945,20,-476,74
27969,-96,-508,78
27993,-36,-516,61
28016,-28,-536,62
28040,-28,-448,80
28063,-132,-584,64
28087,-8,-496,61
28113,-64,-532,68
28137,92,-488,69
28161,-64,-556,59
28183,-12,-504,78
28207,-60,-580,63
28230,-64,-524,63
28254,44,-436,48
28277,-40,-500,47
28301,44,-584,80
28324,-56,-572,65
28348,72,-404,64
28408,-32,-496,84
28432,8,-500,71
28455,36,-500,66
28478,-32,-516,72
28502,-56,-580,62
28525,16,-484,70
28549,92,-532,74
28572,-160,-588,69
28596,56,-500,68
28619,-68,-492,67
28643,-60,-556,69
28666,44,-600,72
28690,-140,-552,52
28713,-4,-512,67
28736,-4,-576,55
28760,-36,-600,63
28783,36,-560,47
28810,-52,-476,55
28833,-40,-492,50
28857,-48,-520,67
28917,48,-520,56
28941,44,-532,53
28964,-12,-548,63
28988,-64,-556,66
29011,-136,-492,53
29035,96,-500,80
29059,-32,-532,65
29082,-56,-552,72
29106,16,-420,40
29129,16,-540,29
29152,-68,-496,34
29175,-48,-480,88
29199,-72,-508,52
29231,32,-496,70
29254,-80,-604,58
29278,-24,-536,58
29301,-44,-472,63
29325,88,-592,68
29347,68,-464,74
29371,-12,-524,68
29432,-88,-468,78
29456,0,-516,34
29478,16,-488,66
29502,12,-508,86
29526,-28,-660,64
29552,-32,-512,70
29576,32,-532,70
29599,-28,-612,76
29623,-12,-452,65
29646,0,-416,44
29670,-92,-492,52
29693,-20,-536,61
29717,-24,-556,76
29741,28,-544,58
29763,-28,-568,69
29787,-60,-528,86
29810,60,-548,65
29834,-12,-552,49
29857,8,-500,52
29881,-56,-596,66
29941,104,-476,76
29965,-68,-604,55
29988,-100,-460,59
30012,-4,-428,62
30035,-36,-548,70
30059,-24,-564,52
30083,12,-592,56
30105,40,-588,78
30129,36,-592,57
30152,40,-564,40
30176,112,-476,72
30199,-12,-508,50
30226,40,-540,63
30249,148,-556,59
30273,-56,-612,61
30297,52,-992,70
30319,68,-180,81
30343,-136,-440,55
30366,140,-576,67
30390,-84,-492,78
30451,48,72,121
30475,-28,-560,65
30497,-8,-616,39
30521,44,-416,33
30544,140,-428,1
30568,-24,16,19
30600,-16,-508,-38
30623,56,-240,-150
30647,120,-548,-125
30670,-180,-316,-130
30694,-56,-720,-132
30717,-16,-680,-77
30741,-112,-828,-9
30765,368,-156,-11
30788,-36,-600,-43
30812,4,-620,-113
30835,-204,-696,-93
30859,-328,116,328
30882,-160,-1060,-61
30909,80,-468,-13
30988,-1040,-1092,-199
31011,-312,-1580,-75
31035,-128,-964,-136
31058,-76,-736,-115
31083,-40,-740,-177
31107,196,-788,-231
31130,348,-1272,-339
31154,132,-316,-226
31177,140,260,-391
31201,-212,-644,-346
31224,60,-856,-305
31248,-176,-208,-265
31271,-164,-160,-78
31295,-228,20,-160
31319,52,-1208,-61
31342,36,-432,-48
31366,172,-504,35
31389,-108,-652,46
31413,116,-980,118
31436,104,-68,97
31497,292,164,29
31520,528,-684,28
31544,-24,-840,57
31567,-320,-912,1
31594,-156,-500,37
31618,212,-356,-42
31641,160,-396,-79
31665,4,-408,-167
31688,-84,-840,-178
31712,136,-420,-181
31735,-4,-408,-224
31759,-92,-452,-222
31782,52,-396,-190
31806,-140,-184,-165
31830,-140,-720,-80
31853,-244,-496,-65
31877,-152,-312,-82
31900,28,-452,-40
31924,-84,-292,-35
31959,-500,-804,12
32020,112,-808,116
32044,36,-884,141
32067,-276,-592,130
32091,128,-528,182
32114,-76,-492,128
32138,604,-492,253
32161,-2132,-520,161
32185,-72,-488,86
32208,-236,-832,86
32235,-584,-420,26
32259,392,-288,-91
32316,-320,-868,54
32342,-324,-20,51
32365,-148,-628,69
32389,-108,-512,71
32412,-328,-452,31
32436,-140,-540,70
32459,-368,-316,67
32483,-216,-724,18
32506,-240,-336,91
32568,-584,-600,35
32591,-460,-528,69
32615,248,-872,21
32638,-580,-832,18
32662,-280,-800,8
32686,-76,-860,65
32709,48,-368,34
32732,120,-1112,-47
32755,68,-640,-49
32779,-104,-928,-164
32802,-100,-648,-166
32827,-496,264,-201
32850,160,-840,-284
,-240,-236,-420
32901,216,-356,-501
32975,108,-1532,-373
32999,-40,-1288,-489
33022,-444,-488,-429
33046,-224,-876,-377
33070,-360,-356,-339
33131,-352,-428,-134
33155,-296,-792,46
33178,-204,-820,91
33202,-104,-800,121
33225,-32,-660,156
33249,28,-476,164
33306,-124,-468,116
33332,-84,-860,136
33472,0,-756,551
33507,-8,-672,300
33530,-36,-740,236
33554,152,-464,152
33577,-40,-684,73
time,AcX,AcY,GyZ
956,360,-864,72
988,208,-112,88
1011,320,-276,62
1035,456,-348,58
1058,268,-428,53
1082,208,-652,68
1104,420,-672,49
1131,428,-632,81
1155,416,-408,49
1178,292,-716,62
1202,272,-668,76
1225,332,-252,60
1249,412,-648,64
4856,2780,-11176,-254
4893,192,-1032,54
4917,268,-296,54
4940,288,-940,76
4964,396,-952,77
5026,240,-764,39
5050,260,-812,29
5073,176,-868,53
5097,244,-696,44
5121,192,-552,196
5144,260,-944,125
5168,352,-796,87
5190,412,-932,117
5214,224,-388,254
5237,272,-872,48
5261,272,-676,118
5284,244,-460,129
5308,360,-276,85
5331,68,-212,61
5355,416,-908,69
5379,204,-648,78
5405,184,-508,68
5429,216,-548,77
5452,268,-580,72
5475,296,-580,69
5537,340,-488,74
5561,208,-500,71
5584,124,-648,71
5608,452,-588,60
5630,12,-348,92
5654,336,-428,27
5678,236,-648,56
5701,196,-604,84
5725,224,-432,59
5748,304,-484,45
5772,300,-540,67
5794,176,-532,61
5818,228,-528,60
5841,412,-572,78
5865,288,-548,60
5889,280,-560,57
5912,204,-488,58
5936,268,-472,48
5958,360,-580,49
5982,296,-548,76
6043,288,-556,72
6067,260,-592,58
6090,280,-536,54
6113,264,-628,74
6136,432,-468,47
6163,320,-508,55
6187,380,-516,57
6210,184,-452,77
6234,300,-508,62
6266,272,-496,54
6290,304,-400,41
6313,232,-520,49
6337,204,-516,59
6360,252,-612,79
6383,268,-548,79
6407,252,-560,122
6430,224,-540,152
6454,208,-448,204
6477,184,-540,253
6501,272,-492,286
6561,236,-484,319
6585,256,-560,330
6608,288,-548,303
6632,288,-488,304
6654,308,-488,307
6678,220,-556,314
6702,180,-532,375
6725,268,-368,492
6749,180,-568,627
6772,-108,-532,861
6796,-308,-524,1187
6819,-328,-672,1610
6846,-708,-548,2219
6870,-872,-624,2923
6893,-904,-512,3700
6917,-808,-872,4430
6940,-656,-988,5179
6964,-936,-556,5976
6987,-1048,-712,6863
7011,-1112,-908,7832
7071,-1428,-1016,10539
7095,-1388,-1116,11655
7118,-1344,-1340,12782
7142,-1196,-1412,13883
7165,-1356,-1528,14982
7189,-1384,-1760,16093
7213,-1568,-2116,17210
7236,-1296,-2248,18354
7260,-1356,-2340,19504
7284,-1328,-2372,20629
7308,-1528,-2716,21775
7331,-1760,-3028,23041
7355,-1888,-3404,24329
7378,-1936,-3732,25831
7402,-1688,-4440,27146
7424,-1120,-4476,28346
7447,-580,-4600,29310
7471,-624,-4756,30096
7494,-152,-5180,30625
7518,820,-4668,30802
7579,556,-4748,30549
7603,512,-4404,30431
7626,592,-4792,30277
7658,600,-4768,30120
7682,564,-4716,30037
7705,540,-4556,29894
7729,656,-4428,29776
7752,620,-4548,29633
7776,564,-4448,29536
7799,632,-4364,29396
7823,520,-4360,29271
7846,508,-4348,29159
7870,556,-4308,29033
7894,564,-4312,28920
7917,492,-4244,28848
7941,424,-4280,28742
7964,532,-4180,28644
7992,540,-4064,28566
8015,404,-4120,28452
8039,436,-4272,28417
8098,532,-4096,28258
8122,272,-4096,28198
8145,492,-4104,28154
8170,480,-4144,28111
8194,620,-4032,28061
8251,440,-4100,27961
8276,452,-4032,27921
8300,576,-4036,27895
8324,484,-4072,27842
8347,540,-4064,27803
8371,468,-3908,27779
8394,468,-4032,27747
8418,484,-4128,27688
8442,460,-4076,27685
8466,516,-4036,27658
8489,524,-4016,27632
8513,436,-4052,27589
8537,428,-4024,27573
8560,536,-4048,27547
8584,636,-4044,27518
8643,476,-3952,27395
8670,400,-3904,27317
8693,492,-3980,27241
8717,564,-4032,27201
8740,548,-3824,27129
8764,584,-3948,27081
8788,588,-3964,27017
8812,656,-3952,26946
8836,492,-3948,26869
8859,472,-3860,26816
8883,656,-3932,26710
8906,552,-3896,26620
8930,452,-3824,26537
8953,576,-3748,26457
8977,548,-3776,26380
9009,312,-3760,26254
9032,280,-3680,26195
9056,404,-3688,26110
9079,312,-3784,26075
9103,432,-3696,26022
9162,576,-3732,25827
9186,520,-3768,25748
9210,316,-3512,25664
9234,504,-3408,25593
9261,228,-3488,25534
9284,76,-3452,25438
9308,520,-3448,25333
9331,564,-3500,25259
9355,452,-3352,25160
9378,236,-3372,25066
9402,432,-3296,24984
9425,400,-3416,24896
9449,256,-3328,24797
9473,336,-3180,24719
9496,372,-3144,24616
9520,428,-3160,24528
9543,476,-3164,24414
9567,356,-3112,24354
9590,480,-3200,24260
9614,512,-3136,24148
9674,476,-3236,23963
9698,428,-3012,23901
9721,444,-2956,23824
9745,344,-3016,23774
9769,368,-3088,23711
9793,308,-3028,23631
9817,504,-2904,23580
9843,280,-2952,23526
9867,368,-2964,23493
9890,492,-2976,23429
9914,436,-3016,23407
9937,424,-2984,23353
9961,308,-2936,23321
9985,452,-2944,23274
10008,436,-2836,23234
10032,592,-2944,23197
10055,412,-2944,23164
10079,420,-2960,23128
10102,400,-2852,23099
10126,536,-2888,23061
10186,296,-2868,22916
10210,376,-2796,22889
10233,448,-2828,22825
10257,504,-2828,22798
10281,412,-2856,22709
10305,500,-2776,22679
10329,568,-2808,22631
10352,504,-2800,22589
10384,448,-2936,22490
10407,420,-2744,22467
10434,432,-2668,22382
10458,588,-2844,22328
10481,516,-2880,22289
10505,380,-2768,22221
10528,592,-2748,22157
10552,448,-2824,22111
10575,336,-2640,22081
10599,512,-2620,22023
10622,540,-2700,21950
10646,448,-2748,21909
10706,560,-2716,21759
10731,576,-2704,21717
10755,360,-2668,21671
10778,328,-2664,21631
10802,428,-2768,21566
10825,552,-2772,21524
10849,344,-2712,21474
10872,424,-2648,21405
10896,472,-2680,21380
10919,388,-2600,21284
10943,552,-2644,21245
10967,380,-2600,21190
10993,388,-2516,21138
11017,400,-2496,21070
11041,404,-2568,21039
11065,392,-2524,20971
11088,384,-2584,20920
11112,312,-2608,20865
11136,404,-2532,20825
11159,364,-2448,20768
11219,364,-2504,20629
11243,444,-2460,20566
11267,308,-2408,20530
11290,304,-2480,20474
11314,364,-2428,20423
11337,424,-2384,20347
11361,264,-2484,20308
11384,308,-2468,20258
11408,260,-2420,20169
11431,232,-2184,20107
11455,452,-2412,20036
11479,340,-2628,19974
11502,340,-2236,19880
11526,132,-2292,19823
11553,120,-2224,19756
11577,416,-2332,19693
11600,508,-2264,19650
11624,420,-2216,19547
11648,360,-2168,19455
11671,168,-2156,19400
11731,500,-2156,19250
11762,324,-2292,19152
11786,352,-2124,19120
11810,276,-1896,19044
11834,192,-2204,18978
11857,384,-2280,18941
11881,336,-2048,18912
11905,156,-2048,18906
11928,380,-1972,18851
11952,384,-2000,18827
11975,208,-2068,18795
11999,264,-2056,18750
12022,36,-2016,18726
12046,316,-2100,18715
12069,208,-2164,18651
12093,256,-2008,18650
12118,284,-2060,18627
,444,-1992,18606
12171,196,-2060,18553
12194,212,-1924,18553
12255,528,-1900,18473
12278,340,-1896,18461
12302,184,-2012,18434
12325,440,-2048,18432
12349,432,-1956,18406
12372,496,-2140,18371
12396,288,-2068,18322
12420,256,-1848,18320
12444,244,-1936,18299
12468,204,-1776,18263
12491,416,-1820,18228
12515,268,-1984,18223
12538,396,-1972,18183
12562,332,-1956,18165
12585,380,-1916,18122
12609,412,-1988,18113
12633,368,-2012,18094
12656,412,-1848,18080
12681,460,-1964,18043
12707,440,-2028,18037
12768,408,-1832,17957
12791,576,-1860,17942
12815,524,-1920,17920
12838,332,-1944,17907
12862,380,-2048,17872
12886,476,-1932,17870
12909,396,-1944,17853
12933,292,-2100,17833
12956,420,-1908,17809
12980,356,-1864,17801
13003,516,-2008,17781
13028,384,-2028,17749
13051,344,-1992,17747
13083,456,-2012,17702
13107,340,-1948,17693
13130,440,-1932,17644
13154,472,-1948,17622
13177,432,-1920,17593
13201,384,-1952,17559
13224,336,-1924,17519
13285,424,-1940,17414
13312,404,-1884,17391
13335,448,-1984,17372
13359,492,-1896,17317
13382,420,-1924,17271
13406,352,-1808,17210
13429,356,-1836,17170
13454,396,-1892,17138
13477,220,-1896,17111
13501,260,-1884,17049
13524,344,-1804,17050
13548,460,-1816,16982
13572,496,-1832,16954
13595,384,-1880,16924
13619,364,-1768,16879
13642,380,-1820,16849
13666,340,-1816,16806
13689,392,-1812,16752
13713,276,-1860,16709
13736,352,-1848,16666
13798,356,-1732,16541
13821,316,-1768,16518
13845,252,-1860,16471
13869,292,-1772,16408
13895,284,-1780,16370
13919,452,-1816,16317
13942,388,-1684,16265
13966,364,-1688,16252
13989,164,-1636,16180
14013,164,-1592,16116
14036,228,-1548,16082
14060,428,-1756,16024
14085,356,-1652,15960
14108,304,-1672,15929
14132,100,-1620,15863
14155,248,-1536,15822
14179,488,-1644,15743
14202,424,-1788,15706
14226,200,-1556,15671
14249,400,-1540,15611
14310,292,-1704,15468
14333,256,-1464,15421
14357,320,-1548,15365
14381,488,-1452,15307
14404,204,-1484,15228
14429,164,-1496,15191
14464,376,-1388,15114
14487,392,-1372,15078
14511,284,-1460,15014
14534,208,-1484,14966
14558,352,-1532,14941
14581,268,-1532,14911
14605,396,-1268,14865
14628,332,-1412,14837
14652,408,-1392,14792
14675,288,-1428,14791
14699,232,-1468,14754
14723,144,-1332,14738
14747,216,-1464,14718
14771,148,-1372,14646
14831,316,-1316,14610
14855,220,-1412,14598
14878,224,-1340,14547
14902,280,-1256,14513
14925,424,-1388,14462
14949,320,-1440,14442
14972,140,-1492,14402
14996,400,-1440,14387
15023,428,-1292,14304
15047,372,-1396,14257
15071,448,-1248,14242
15094,392,-1224,14202
15118,380,-1276,14140
15141,384,-1276,14108
15165,340,-1340,14065
15188,312,-1364,14014
15212,296,-1248,13973
15236,292,-1244,13881
15259,480,-1248,13868
15283,396,-1184,13783
15344,356,-1232,13771
15368,352,-1184,13590
15391,324,-1268,13520
15415,360,-1344,13461
15438,472,-1176,13450
15462,484,-1296,13503
15485,488,-1284,13334
15509,404,-1232,13306
15534,404,-1228,13306
15557,372,-1200,13302
15581,508,-1328,13261
15602,480,-1360,13072
15626,404,-1300,13177
15649,472,-1208,13121
15673,388,-1384,13063
15696,328,-1204,12950
15720,408,-1224,12841
15744,564,-1180,12869
15767,380,-1188,12758
15799,360,-1172,12714
15860,432,-1208,12575
15884,416,-1212,12504
15907,420,-1260,12460
15931,412,-1092,12402
15954,316,-1196,12354
15978,448,-1116,12304
16002,416,-1140,12223
16025,476,-1108,12179
16049,428,-1324,12100
16072,376,-1184,12039
16096,400,-1292,11986
16119,432,-980,11959
16143,448,-1188,11882
16171,356,-1124,11825
16194,460,-1144,11788
16218,368,-1208,11732
16241,412,-1092,11648
16265,388,-1060,11635
16288,356,-1120,11597
16312,300,-1044,11530
16372,308,-1152,11457
16396,320,-1072,11400
16419,408,-1140,11368
16444,296,-1104,11321
16467,416,-1140,11331
16491,428,-1036,11269
16515,464,-1020,11252
16538,292,-1048,11183
16562,392,-1024,11160
16585,244,-1104,11127
16609,380,-1144,11095
16632,332,-1184,11055
16656,332,-1088,11008
16679,296,-1032,10989
16703,384,-1064,10929
16730,304,-1060,10901
16754,380,-1132,10866
16778,480,-1120,10813
16801,268,-1084,10781
16825,388,-1076,10748
16885,284,-1020,10663
16909,300,-1032,10632
16932,520,-1020,10591
16956,416,-1028,10552
16979,272,-1060,10544
17004,228,-1024,10490
17028,268,-916,10490
17051,268,-1060,10448
17075,304,-1020,10428
17098,284,-996,10397
17122,300,-1004,10390
17145,208,-1092,10361
17181,244,-1048,10320
17205,288,-1036,10286
17228,252,-900,10251
17252,308,-944,10225
17275,196,-972,10200
17299,244,-988,10196
17337,428,-940,10160
17385,224,-1004,10108
17473,236,-876,10010
17520,352,-892,9955
17565,160,-1032,9883
17612,236,-904,9824
17658,276,-932,9753
17705,268,-912,9726
17730,336,-828,9683
17754,80,-760,9643
17777,288,-832,9619
17801,312,-1000,9584
17824,424,-1052,9535
17848,424,-872,9495
17871,176,-680,9449
17895,204,-876,9393
17918,308,-968,9334
17942,256,-880,9300
17966,244,-768,9286
17989,244,-788,9222
18013,204,-780,9168
18036,160,-1004,9129
18098,200,-844,9028
18121,228,-740,8984
18148,144,-704,8955
18171,180,-904,8893
18195,236,-780,8855
18219,276,-832,8817
18242,188,-844,8773
18266,180,-780,8728
18289,336,-720,8673
18313,344,-812,8633
18336,212,-800,8581
18360,212,-764,8568
18383,184,-652,8489
18407,344,-720,8464
18430,252,-796,8415
18454,236,-720,8373
18478,292,-624,8328
18501,300,-700,8293
18525,268,-752,8248
18548,176,-748,8205
18609,124,-704,8142
18632,216,-708,8086
18656,184,-696,8048
18679,220,-648,8034
18703,168,-688,8000
18736,224,-812,7988
18762,140,-652,7941
18786,156,-624,7912
18809,232,-628,7887
18833,348,-684,7873
18856,260,-716,7842
18880,176,-664,7800
18904,172,-624,7778
18927,280,-748,7760
18951,184,-696,7736
18974,316,-692,7710
18998,232,-672,7694
19021,260,-664,7676
19045,228,-740,7648
19068,208,-712,7614
19130,300,-688,7536
19153,116,-680,7496
19177,96,-540,7498
19201,236,-620,7462
19224,244,-808,7441
19248,308,-624,7392
19271,232,-640,7392
19295,360,-520,7338
19318,328,-600,7329
19342,236,-664,7280
19368,232,-592,7259
19392,196,-564,7226
19416,280,-596,7197
19439,228,-600,7163
19463,252,-560,7141
19486,264,-640,7110
19510,384,-716,7079
19533,236,-604,7047
19557,260,-648,7025
19580,328,-556,7004
19642,332,-568,6940
19665,392,-568,6917
19689,328,-532,6889
19713,308,-648,6883
19736,136,-540,6846
19760,368,-564,6849
19783,292,-644,6820
19807,340,-552,6785
19830,404,-508,6757
19854,244,-568,6713
19877,368,-568,6692
19901,276,-676,6644
19924,264,-492,6637
19948,332,-520,6612
19972,368,-552,6567
19998,368,-596,6558
20022,212,-536,6510
20055,300,-532,6488
20098,372,-668,6429
20122,336,-504,6400
20191,352,-492,6355
20214,320,-524,6325
20238,296,-548,6284
20261,308,-556,6282
20285,232,-564,6270
20308,300,-540,6246
20332,236,-608,6221
20357,332,-516,6177
20380,340,-556,6176
20404,388,-500,6150
20427,308,-500,6136
20451,324,-656,6090
20474,308,-688,6091
20498,272,-600,6059
20521,316,-488,6027
20545,284,-600,5980
20569,316,-592,5957
20592,424,-640,5927
20616,196,-516,5900
20642,312,-556,5886
20703,328,-576,5793
20726,440,-540,5763
20750,196,-504,5736
20773,320,-560,5710
20797,468,-568,5677
20820,352,-564,5639
20845,276,-544,5615
20869,360,-640,5585
20892,264,-576,5563
20916,328,-436,5528
20939,344,-572,5477
20963,364,-616,5464
20986,344,-544,5441
21010,316,-608,5408
21033,328,-484,5374
21057,352,-456,5339
21081,516,-636,5301
21104,336,-532,5259
21128,420,-600,5255
21151,320,-536,5202
21212,352,-652,5121
21235,348,-532,5098
21259,320,-524,5047
21282,296,-488,5029
21304,448,-536,4975
21327,292,-584,4955
21351,400,-480,4943
21374,432,-592,4896
21398,380,-464,4878
21422,320,-452,4836
21445,284,-520,4801
21477,424,-540,4774
21500,352,-564,4738
21524,380,-468,4704
21548,360,-488,4690
21571,260,-628,4629
21595,356,-512,4629
21618,360,-524,4592
21642,392,-488,4579
21665,316,-536,4548
21726,392,-496,4478
21749,284,-500,4449
21773,444,-556,4442
21796,368,-536,4399
21820,360,-588,4400
21843,308,-608,4372
21867,280,-540,4345
21891,332,-452,4316
21917,248,-444,4290
21941,296,-488,4275
21964,372,-488,4227
21988,304,-632,4212
,404,-520,4188
22038,288,-524,4167
22062,348,-544,4132
22085,440,-504,4114
22109,388,-548,4067
22132,376,-584,4059
22156,336,-512,4020
22179,388,-536,4014
22240,464,-560,3927
22263,316,-560,3919
22287,316,-468,3895
22310,292,-492,3859
22334,320,-548,3832
22358,244,-540,3821
22381,300,-564,3802
22405,332,-548,3773
22428,412,-572,3718
22452,344,-544,3719
22475,340,-448,3700
22499,384,-600,3674
22522,360,-632,3638
22573,396,-576,3578
22597,380,-472,3559
22621,288,-484,3520
22686,384,-500,3445
22710,236,-532,3425
22733,332,-492,3391
22757,300,-524,3368
22780,340,-544,3340
22804,396,-460,3305
22828,476,-580,3284
22851,356,-628,3284
22875,472,-472,3246
22906,324,-396,3203
22930,296,-528,3181
22953,504,-472,3149
22977,304,-612,3125
23001,292,-596,3095
23024,356,-448,3080
23048,356,-512,3052
23071,372,-432,3020
23095,348,-600,2988
23118,360,-568,2989
23142,320,-592,2916
23208,384,-556,2861
23235,312,-572,2820
23259,304,-528,2793
23282,468,-580,2780
23306,328,-464,2745
23329,292,-516,2737
23353,252,-520,2679
23376,412,-544,2681
23400,384,-520,2627
23424,380,-468,2591
23447,400,-568,2583
23471,304,-552,2553
23494,392,-560,2521
23518,356,-508,2496
23541,308,-572,2449
23565,388,-572,2440
23588,384,-600,2397
23613,364,-524,2356
23636,332,-428,2326
23660,280,-560,2289
23720,284,-600,2194
23744,360,-364,2167
23768,424,-552,2145
23791,276,-492,2092
23815,392,-508,2085
23841,256,-496,2065
23865,332,-460,2020
23888,328,-500,1983
23912,388,-476,1968
23936,380,-460,1932
23959,220,-516,1914
23983,212,-488,1888
24006,292,-572,1856
24030,392,-540,1836
24053,292,-568,1793
24077,252,-528,1786
24100,424,-564,1748
24124,356,-520,1728
24148,228,-488,1695
24172,256,-492,1657
24233,340,-456,1607
24257,404,-552,1569
24289,260,-460,1517
24312,232,-584,1511
24336,316,-460,1475
24359,260,-444,1468
24383,296,-640,1411
24407,328,-616,1400
24430,332,-564,1360
24454,268,-576,1331
24480,216,-564,1328
24504,280,-532,1312
24527,320,-464,1268
24552,356,-536,1222
24576,268,-468,1213
24599,432,-540,1190
24623,192,-520,1179
24646,368,-452,1155
24670,284,-528,1101
24693,408,-576,1065
24754,308,-476,1030
24777,352,-468,1008
24801,344,-500,971
24824,372,-452,925
24848,328,-528,912
24871,324,-568,878
24895,428,-536,863
24919,328,-496,830
24942,424,-472,797
24966,440,-588,776
25023,344,-584,709
25049,344,-556,682
25072,300,-600,670
25096,280,-636,651
25119,296,-548,616
25146,276,-508,574
25169,388,-560,563
25193,348,-484,526
25217,288,-480,521
25240,256,-508,485
25302,392,-540,412
25325,388,-556,383
25349,260,-524,378
25372,292,-512,334
25396,376,-492,326
25419,312,-584,294
25443,248,-504,262
25466,236,-500,266
25490,336,-476,240
25513,304,-396,199
25537,380,-548,205
25561,264,-408,176
25584,288,-472,154
25608,308,-488,137
25640,308,-468,91
25664,368,-452,83
25687,352,-508,50
25710,316,-616,49
25734,260,-528,71
25757,276,-516,69
25819,240,-496,65
25840,224,-588,71
25864,252,-516,59
25887,264,-500,70
25910,200,-548,48
25933,300,-528,69
25957,296,-492,84
25980,284,-532,77
26004,308,-416,77
26028,240,-576,72
26051,300,-544,74
26075,336,-492,68
26098,252,-488,74
26122,240,-576,64
26145,268,-432,55
26169,176,-452,52
26192,268,-456,74
26216,204,-492,49
26240,292,-508,55
26263,280,-500,56
26323,392,-520,62
26347,256,-504,84
26371,244,-496,73
26394,300,-528,87
26418,228,-452,60
26441,168,-496,78
26465,284,-516,56
26491,392,-536,81
26515,216,-536,50
26539,292,-468,71
26562,220,-548,67
26586,316,-476,93
26609,244,-520,91
26633,252,-512,56
26656,224,-452,65
26680,320,-564,43
26703,308,-520,67
26727,208,-444,77
26750,256,-504,74
26774,292,-504,68
26834,176,-552,59
26858,288,-400,51
26882,216,-504,50
26905,360,-540,64
26929,140,-184,46
26952,-92,-648,33
26976,44,-264,11
26999,220,-604,9
27031,-48,-132,51
27055,232,-1056,9
27078,564,-628,26
27102,336,-876,-42
27125,392,-884,5
27149,248,-700,6
27172,160,-1108,-32
27199,-348,-1884,85
27223,392,-952,121
27246,140,-1128,98
27270,448,-872,88
27293,-16,-696,37
27355,-8,-692,119
27378,-32,-560,83
27401,44,-560,86
27424,460,-828,54
27448,28,-880,38
27471,36,-552,39
27495,24,-204,-29
27518,144,-80,2
27542,-72,-692,17
27566,256,-456,34
27589,280,-628,58
27613,312,-684,64
27636,228,-916,68
27660,268,-836,64
27683,200,-556,93
27707,180,-776,95
27730,56,-512,123
27753,132,-992,100
27777,96,-676,123
27800,108,-380,168
27862,-132,-468,214
27888,80,-532,348
27912,72,-708,337
27935,348,-548,457
27959,-216,-800,431
27982,200,-1100,425
28006,84,-756,331
28029,-204,-852,356
28054,448,-872,313
28078,80,-452,340
28101,496,-964,320
28125,68,-576,328
28148,304,-740,268
28172,288,-1032,226
28219,56,-1204,194
28242,72,-784,119
28266,112,-1136,37
28290,96,-1204,-42
28313,120,-912,-125
28337,112,-652,-192
28398,-104,-576,-218
28430,-68,-688,-229
28453,52,-572,-173
28477,172,-812,-123
28500,8,-1016,-72
28524,-64,-868,-111
28548,244,-916,-114
28574,288,-516,-183
28598,24,-528,-246
28621,88,-668,-339
28645,-112,-560,-441
28668,440,-300,-475
28692,76,-420,-456
28716,-176,-944,-429
28739,400,-732,-293
28764,72,-1044,-231
28787,96,-980,-190
28810,204,-676,-232
28833,232,-796,-313
28858,284,-692,-430
28918,84,-936,-644
28942,252,-564,-719
28965,132,-988,-705
28989,-396,-784,-587
29012,-48,-664,-545
29037,-284,-628,-492
29061,4,-468,-304
29083,-220,-524,-320
29108,60,-564,-182
29131,356,-464,-115
29155,304,-1012,-76
29181,-316,-560,-22
29205,-64,-688,10
29229,-176,-704,58
29252,-216,76,111
29276,-288,-588,189
29299,-44,-924,251
29323,-348,-556,344
29346,680,-1872,1157
29370,-272,-1396,727
