time,AcX,AcY,GyZ
5467,-664,564,43
5501,-760,12,2
5532,-420,2284,228
5567,-668,56,90
5602,-716,124,47
5649,-832,444,9
5686,-620,192,59
5733,-700,52,39
5765,-664,236,57
5817,-596,124,73
5901,-556,264,77
5932,-572,280,47
5966,-656,220,61
6001,-556,300,55
16397,-520,176,66
16447,-636,236,32
16497,-596,292,57
16547,-544,300,74
16598,-556,220,61
16627,-640,140,69
16663,-656,272,66
16698,-656,296,56
16747,-644,268,62
16778,-588,276,39
16830,-596,284,60
16863,-628,220,56
16930,-636,284,51
16980,-660,344,54
17031,-576,364,73
20262,-496,284,56
20346,-660,236,45
20397,-576,176,48
20447,-588,240,74
20497,-580,240,64
20561,-564,240,62
20612,-540,220,74
20663,-608,216,47
20713,-672,252,64
20763,-608,300,72
20813,-616,316,67
20879,-592,232,71
20929,-612,244,52
20979,-668,280,58
21062,-540,268,46
21112,-660,268,60
21163,-620,320,59
21213,-572,164,53
21263,-608,216,54
21313,-588,256,61
21379,-560,248,65
21463,-692,268,43
21513,-636,212,53
21563,-680,176,63
21597,-720,236,37
21626,-672,288,71
21661,-756,216,98
21712,-580,292,63
21763,-536,140,60
21828,-492,208,68
21878,-644,280,41
21928,-732,200,56
21979,-676,248,44
22029,-600,284,58
22079,-652,244,72
22145,-636,164,47
22195,-644,344,75
22245,-576,204,83
22295,-616,204,38
22345,-516,268,61
22395,-632,224,57
22495,-604,328,72
22545,-596,280,61
22595,-608,212,59
22645,-532,212,67
22695,-556,304,52
22746,-568,148,88
22796,-628,200,71
22827,-540,252,46
22861,-548,204,74
22912,-684,248,55
22945,-560,264,66
22995,-632,260,75
23046,-672,244,57
23096,-680,180,38
23311,-616,216,63
23361,-616,232,83
23411,-616,212,75
23512,-608,216,56
23562,-572,320,68
23612,-504,140,65
23711,-852,204,60
23761,-632,240,49
23812,-520,276,67
23862,-656,260,58
23892,-544,220,65
23946,-644,292,55
23975,-696,252,82
24010,-588,220,60
24061,-564,328,72
24112,-676,320,53
24162,-544,176,47
24212,-644,216,51
24242,-676,188,72
24278,-624,300,81
24328,-556,156,52
24378,-684,232,45
24428,-648,124,48
24462,-612,228,59
24492,-576,308,43
24527,-656,200,81
24608,-584,240,40
24644,-564,204,63
24694,-524,272,45
24744,-664,384,73
24795,-728,248,74
24825,-568,140,58
24860,-564,256,62
24895,-664,248,59
24944,-664,252,58
24994,-616,204,49
25044,-580,204,63
25075,-628,344,76
25110,-588,280,49
25178,-492,256,55
25228,-572,248,51
25259,-632,248,66
25293,-720,180,57
25344,-608,272,57
25394,-632,340,91
25444,-668,132,65
25528,-684,324,57
25559,-564,308,31
25593,-628,296,42
25644,-604,216,75
25677,-560,272,46
25728,-656,124,63
25758,-588,236,73
25794,-624,244,36
25843,-452,128,62
25891,-544,184,44
25925,-592,240,49
25994,-600,116,67
26044,-668,256,46
26094,-524,236,67
26125,-600,288,64
26160,-612,300,75
26210,-504,204,87
26258,-716,316,77
26294,-680,284,65
26344,-640,312,71
26428,-660,276,49
26493,-668,180,40
26544,-524,252,70
26594,-680,204,58
26625,-556,292,79
26659,-640,204,59
26695,-604,236,49
26744,-548,220,53
26795,-564,188,75
26824,-544,168,59
26860,-620,180,62
26927,-564,256,68
26977,-564,272,60
27028,-644,180,47
27058,-588,328,88
27092,-564,124,56
27144,-576,256,61
27194,-616,192,63
27244,-472,304,71
27294,-668,212,62
27375,-600,288,59
27410,-664,144,57
27460,-628,252,57
27511,-636,316,62
27541,-560,236,70
27576,-696,296,46
27627,-652,180,62
27677,-576,320,51
27727,-672,252,69
27778,-632,316,65
27807,-684,244,64
27843,-580,264,56
27893,-564,300,74
27943,-664,256,67
27994,-624,216,65
28024,-572,256,68
28059,-540,256,51
28109,-608,288,59
28143,-716,204,67
28174,-644,176,69
28261,-628,224,63
28291,-728,164,81
28326,-496,220,61
28377,-652,248,62
28427,-568,280,63
28477,-556,284,56
28508,-584,180,46
28542,-728,236,52
28593,-500,224,65
28660,-556,288,67
28710,-560,248,74
28761,-492,188,56
28791,-788,272,57
28826,-560,304,41
28876,-452,228,45
28926,-688,260,51
28977,-644,256,53
29027,-652,200,68
29058,-596,188,97
29092,-616,288,80
29161,-608,200,75
29191,-560,224,62
29227,-672,276,52
29277,-616,304,72
29327,-648,296,65
29361,-568,272,61
29390,-584,248,55
29426,-620,352,72
29475,-576,256,67
29523,-592,348,59
29557,-564,196,56
29626,-592,220,66
29677,-508,200,84
29727,-652,296,55
29757,-612,180,47
29793,-592,240,51
29843,-556,332,61
29893,-604,216,35
29943,-592,320,68
29993,-708,180,88
30076,-592,292,52
30107,-640,232,57
30142,-620,252,81
30192,-588,204,58
30243,-660,248,71
30294,-644,284,72
30344,-616,296,66
30373,-612,296,50
30409,-512,192,64
30459,-656,300,68
30510,-608,188,62
30560,-700,176,62
30594,-608,284,61
30644,-768,288,91
30673,-720,204,61
30709,-588,288,43
30740,-668,320,55
30809,-632,208,80
30860,-632,236,65
30910,-628,196,55
30993,-592,264,46
31060,-688,144,47
31090,-604,144,40
31126,-668,272,61
31176,-580,340,66
31226,-664,192,62
31277,-660,344,57
31307,-612,184,73
31342,-640,260,64
31392,-540,312,66
31442,-660,152,59
31493,-604,260,60
31543,-596,304,76
31593,-536,216,71
31659,-624,288,70
31709,-668,252,67
31759,-656,160,53
31810,-668,344,1145
31840,1436,-2380,2250
31874,-600,836,1225
31956,-428,288,2207
31992,92,852,2721
32023,-56,756,3133
32058,-396,648,3607
32107,-156,224,3937
32143,-388,296,4015
32193,-632,24,4513
32243,-552,220,4774
32289,-604,-148,4409
32326,-400,964,4751
32376,120,-68,4969
32427,-648,-36,4609
32477,-1008,300,4688
32508,-672,644,4730
32560,-912,604,4509
32611,-1748,8,4415
32660,-792,200,3640
32691,-808,160,3379
32742,-940,-68,3626
32792,-148,260,4132
32876,-280,300,5418
32907,-788,284,5469
32942,-788,-176,5411
32993,-940,92,4663
33024,-672,-68,4474
33075,-352,224,5061
33126,-904,740,5086
33157,-1400,768,5048
33209,-672,164,5176
33259,-676,536,5146
33891,-3124,-500,2479
33942,-244,584,34
33992,-700,180,47
34039,-588,216,67
34074,-740,288,44
34110,-572,160,69
34140,-652,188,67
34174,-552,196,69
34223,-644,132,52
34277,-676,168,87
34360,-904,-524,7
34390,-1108,-104,-606
34425,-24,1176,-111
34457,-480,156,50
34505,272,152,1593
34555,432,444,2555
34590,608,404,3352
34639,-24,144,3916
34690,-1288,-200,4018
34741,-1152,120,3877
34775,-716,284,3826
34825,-640,856,3670
34876,-488,460,3743
34926,-756,208,3839
34957,-592,468,3831
35008,-496,580,4228
35059,-764,168,4230
35109,-688,376,3978
35140,-812,28,4017
35190,-508,-220,3867
35275,-904,-372,3408
35325,-720,140,3176
35376,-184,240,3421
35406,-188,144,3694
35441,-624,168,3843
35473,-912,404,3812
35524,-948,348,3602
35574,-796,168,3436
35625,-384,404,3003
35656,-1080,68,3021
35707,-1020,-428,2297
35775,-568,356,1908
35825,-528,28,2352
35859,-712,184,2470
35890,316,432,2492
35941,-540,332,2710
35977,-756,176,2770
36042,-1052,80,2226
36073,-1696,52,1852
36124,-1272,-28,543
36207,-164,188,564
36243,-52,204,816
36274,-52,352,1020
36308,116,304,1391
36375,-440,460,1847
36443,-224,-12,2277
36473,-452,288,2519
36508,-524,132,2725
36540,-956,-152,2676
36591,-1044,-48,2620
36643,-940,-80,2353
36689,-1396,56,2269
36724,-1364,-48,1946
36776,-640,152,1901
36823,-1096,264,1914
36874,-944,104,1392
36910,-1240,220,993
36959,-1444,384,91
37010,-604,36,70
37043,-692,104,71
37142,-744,232,56
37177,-692,184,56
37208,-644,144,65
37242,-700,140,52
37276,-560,144,53
37325,-632,180,52
37373,-628,200,61
37407,-684,112,45
37456,-640,164,62
37510,-820,136,59
37540,-400,224,96
37593,-652,236,43
37625,-568,20,66
37673,-716,220,75
37722,-696,136,64
37755,-688,164,47
37810,-556,152,67
37843,-592,204,68
37892,-740,208,52
37941,-556,188,57
38023,-656,156,77
38057,-624,288,56
38093,-676,48,77
38123,-580,120,67
38160,-696,188,59
38210,-640,104,77
38258,-784,100,63
38289,-1176,-552,-300
38340,-1072,-248,-1087
38389,-1332,-528,-2192
38444,-680,-8,-3142
38489,-760,248,-3265
38525,-540,148,-3310
38573,-680,160,-2956
38624,-968,616,-2929
38676,-564,424,-2806
38723,-924,200,-2756
38776,-604,356,-2578
38807,-480,84,-2472
38857,-684,16,-2173
38940,-908,48,-2439
38976,-920,120,-2632
39006,-692,260,-2729
39040,-648,76,-2416
39091,-1340,-228,-2451
39140,-924,-96,-2920
39191,-872,-396,-3349
39239,-972,152,-3462
39289,-652,204,-3625
39323,-1048,112,-3810
39375,-800,644,-3821
39422,-956,64,-3850
39473,-636,368,-4210
39525,-624,272,-4421
39557,-336,52,-4408
39608,-268,532,-3929
39659,124,1308,-3206
39706,-932,232,-2991
39743,-576,312,-3186
39790,-392,544,-2823
39874,-764,164,-3143
39925,-1136,184,-3177
39955,-600,40,-3152
39991,-432,108,-3050
40026,-536,248,-2956
40073,-1064,232,-2908
40125,-800,172,-3149
40172,-1048,144,-3266
40225,-548,292,-3081
40271,-820,16,-3136
40307,-728,192,-3372
40357,-1024,236,-3674
40407,-800,404,-3835
40459,-652,164,-3730
40506,-324,296,-3648
40543,-744,-36,-3712
40589,-528,100,-3510
40641,-356,452,-3507
40692,-876,156,-3631
40739,-588,528,-3732
40823,-604,508,-3924
40859,-904,248,-4035
40890,-1108,296,-4330
40926,-1116,-132,-4451
40974,-488,516,-4707
41026,-756,52,-4401
41072,-452,448,-4379
41123,-12,804,-4055
41159,628,544,-3547
41222,280,236,-2704
41257,108,240,-2126
41307,-232,132,-1560
41359,-356,192,-934
41390,-628,212,-839
41440,-232,304,-829
41489,-1608,100,-1491
41538,-888,108,-2214
41575,-1352,76,-2471
41622,-704,48,-2608
41673,-824,432,-2617
41757,-1004,328,-3096
41793,-664,400,-3122
41823,-680,364,-3069
41859,-740,336,-3188
41906,-764,184,-3508
41957,-212,240,-3366
42009,-512,208,-3249
42056,-736,144,-3223
42092,-588,192,-2982
42139,-564,352,-2951
42191,-1000,284,-3240
42240,-672,176,-3437
42291,-624,188,-3216
42343,-784,108,-3341
42375,-580,180,-3342
42441,-492,612,-3266
42472,-1200,244,-3183
42526,-836,424,-3103
42575,-476,448,-3070
42625,-152,272,-2915
42708,-640,424,-2936
42739,-568,184,-2991
42775,-296,4,-2948
42807,-528,436,-2881
42874,-444,-124,-2618
42925,-504,232,-2659
42975,-720,216,-2638
44623,-668,224,72
44674,-652,224,60
44724,-716,292,59
44754,-612,204,70
44789,-580,220,44
44825,-532,248,54
44874,-652,224,46
44904,-668,288,68
44956,-720,192,74
44990,-556,232,76
45039,-568,244,66
45087,-540,184,64
45121,-532,176,64
45207,-624,224,44
45254,-552,304,85
45289,-632,216,63
45323,-640,280,39
45358,-544,260,63
45389,-504,236,55
45437,-532,304,60
45492,-576,240,73
45521,-596,284,62
45574,-664,208,48
45607,-680,324,75
45656,-580,284,62
45705,-660,288,64
45739,-520,216,46
45807,-680,304,53
45838,-632,220,45
45875,-660,228,54
45923,-616,184,56
45957,-752,224,54
46006,-532,192,55
46087,-580,224,61
46123,-596,188,50
46157,-600,176,70
46188,-628,200,74
46222,-576,248,66
46271,-536,236,53
46324,-704,212,59
46354,-532,188,55
46406,-668,252,71
46440,-612,232,46
46487,-684,308,71
46537,-580,236,78
46571,-636,160,42
46640,-580,144,52
46670,-580,272,67
46707,-588,252,54
46756,-520,276,68
46790,-640,264,66
46838,-580,292,58
46887,-676,196,49
46973,-700,348,61
47003,-448,260,60
47038,-592,208,43
47074,-532,288,70
47108,-560,232,42
47157,-556,168,32
47205,-488,216,55
47239,-664,252,55
47288,-664,188,50
47341,-616,160,73
47372,-540,264,64
47424,-560,208,59
47458,-672,256,55
47523,-656,300,72
47574,-680,100,33
47603,-588,300,63
47639,-660,180,74
47689,-652,152,86
47724,-560,280,65
47773,-552,300,74
47855,-620,180,60
47890,-576,140,63
47920,-608,268,64
47955,-660,248,83
47989,-640,156,65
48038,-576,196,55
48087,-596,240,72
48120,-668,280,71
48174,-576,228,55
48223,-664,292,63
48253,-532,300,77
48305,-716,220,71
48338,-576,188,64
48388,-632,300,92
48456,-648,244,50
48487,-620,180,82
48522,-648,352,39
48572,-680,264,84
48622,-580,180,95
48653,-632,156,61
48736,-600,312,45
48771,-804,664,-36
48806,-732,36,67
48836,-712,88,75
48873,-592,160,51
48923,-716,288,65
48957,-552,256,78
49005,-700,292,22
49054,-676,544,53
49088,-752,336,46
49136,-612,136,70
49185,-800,304,83
49219,-728,220,96
49272,-424,448,75
49306,-856,40,66
49353,-680,188,19
